 --------------------------------------
        8.00308       -0.19933       -0.20888        0.01482       -0.03620       -1.00573        0.00000        0.00000        0.00000        0.00000        0.00000        0.00000
       -0.19933       19.56141        0.21270       -0.01405        1.42697       -0.38007        0.00000        0.00000        0.00000        0.00000        0.00000        0.00000
       -0.20888        0.21270       38.58123        0.98803       -0.33954       -0.04608        0.00000        0.00000        0.00000        0.00000        0.00000        0.00000
        0.01482       -0.01405        0.98803        8.68627        0.25984        0.17540        0.00000        0.00000        0.00000        0.00000        0.00000        0.00000
       -0.03620        1.42697       -0.33954        0.25984       20.65579        0.20914        0.00000        0.00000        0.00000        0.00000        0.00000        0.00000
       -1.00573       -0.38007       -0.04608        0.17540        0.20914       39.93360        0.00000        0.00000        0.00000        0.00000        0.00000        0.00000
        0.00000        0.00000        0.00000        0.00000        0.00000        0.00000       11.46919       -0.27971        1.16413        0.00000        0.00000        0.00000
        0.00000        0.00000        0.00000        0.00000        0.00000        0.00000       -0.27971       24.69439        0.10994        0.00000        0.00000        0.00000
        0.00000        0.00000        0.00000        0.00000        0.00000        0.00000        1.16413        0.10994       42.33474        0.00000        0.00000        0.00000
        0.00000        0.00000        0.00000        0.00000        0.00000        0.00000        0.00000        0.00000        0.00000        5.60932        0.28312       -1.17442
        0.00000        0.00000        0.00000        0.00000        0.00000        0.00000        0.00000        0.00000        0.00000        0.28312       18.95442        0.16729
        0.00000        0.00000        0.00000        0.00000        0.00000        0.00000        0.00000        0.00000        0.00000       -1.17442        0.16729       36.54611
 --------------------------------------
 --------------------------------------
       13.81169        1.02636        0.21286        1.82645        1.94740        0.79494       -0.18360        0.43636        4.53085        1.46298       -0.65816       -1.70172       -2.90620       -0.57001       -0.65301       -1.78906        0.00000        0.00000        0.00000        0.00000        0.00000        0.00000        0.00000        0.00000        0.00000        0.00000        0.00000        0.00000        0.00000        0.00000        0.00000        0.00000
        1.02636       15.52044        0.87357       -0.16066       -0.82823        0.00129        0.08668       -0.30117       -1.39969       -1.18983        1.38924        0.16202        1.18704       -0.22809       -0.04151        0.36324        0.00000        0.00000        0.00000        0.00000        0.00000        0.00000        0.00000        0.00000        0.00000        0.00000        0.00000        0.00000        0.00000        0.00000        0.00000        0.00000
        0.21286        0.87357        7.96823        0.55696        0.32226        0.03468       -0.48320       -0.34044        0.58524        1.37199       -0.49221       -0.57425       -0.25067       -0.10841        0.32595       -0.02048        0.00000        0.00000        0.00000        0.00000        0.00000        0.00000        0.00000        0.00000        0.00000        0.00000        0.00000        0.00000        0.00000        0.00000        0.00000        0.00000
        1.82645       -0.16066        0.55696       20.49833       -0.15991        0.05367       -0.29220       -0.78649       -1.64469       -0.17268        0.57721       -0.24539        0.84748        0.42655        0.03299        0.50692        0.00000        0.00000        0.00000        0.00000        0.00000        0.00000        0.00000        0.00000        0.00000        0.00000        0.00000        0.00000        0.00000        0.00000        0.00000        0.00000
        1.94740       -0.82823        0.32226       -0.15991       11.86030        0.05256        0.05780       -0.55133       -2.80188       -1.19763        0.23334        0.84741        1.26218        0.47763       -0.06977        0.78533        0.00000        0.00000        0.00000        0.00000        0.00000        0.00000        0.00000        0.00000        0.00000        0.00000        0.00000        0.00000        0.00000        0.00000        0.00000        0.00000
        0.79494        0.00129        0.03468        0.05367        0.05256       38.96455       -0.56879       -0.55626       -0.68712        0.18330        0.12816        0.43103        0.57151        0.60535        0.81403        0.51323        0.00000        0.00000        0.00000        0.00000        0.00000        0.00000        0.00000        0.00000        0.00000        0.00000        0.00000        0.00000        0.00000        0.00000        0.00000        0.00000
       -0.18360        0.08668       -0.48320       -0.29220        0.05780       -0.56879       39.62147        0.44630       -0.72779       -0.00495       -0.31221        0.09154       -0.04636        0.80317        0.26154        0.37619        0.00000        0.00000        0.00000        0.00000        0.00000        0.00000        0.00000        0.00000        0.00000        0.00000        0.00000        0.00000        0.00000        0.00000        0.00000        0.00000
        0.43636       -0.30117       -0.34044       -0.78649       -0.55133       -0.55626        0.44630       26.20086       -2.01108       -0.47067        0.08844        0.63424        0.97391        0.48533        0.37725        0.87155        0.00000        0.00000        0.00000        0.00000        0.00000        0.00000        0.00000        0.00000        0.00000        0.00000        0.00000        0.00000        0.00000        0.00000        0.00000        0.00000
        4.53085       -1.39969        0.58524       -1.64469       -2.80188       -0.68712       -0.72779       -2.01108       14.12428       -1.14918       -0.25823        2.08060        2.20829        0.83894       -0.16592        0.38843        0.00000        0.00000        0.00000        0.00000        0.00000        0.00000        0.00000        0.00000        0.00000        0.00000        0.00000        0.00000        0.00000        0.00000        0.00000        0.00000
        1.46298       -1.18983        1.37199       -0.17268       -1.19763        0.18330       -0.00495       -0.47067       -1.14918       16.37883        1.00045        0.18461        0.94710        0.04301       -0.08005        0.29996        0.00000        0.00000        0.00000        0.00000        0.00000        0.00000        0.00000        0.00000        0.00000        0.00000        0.00000        0.00000        0.00000        0.00000        0.00000        0.00000
       -0.65816        1.38924       -0.49221        0.57721        0.23334        0.12816       -0.31221        0.08844       -0.25823        1.00045        8.62701       -0.63465       -0.37462       -0.01818        0.50309        0.36232        0.00000        0.00000        0.00000        0.00000        0.00000        0.00000        0.00000        0.00000        0.00000        0.00000        0.00000        0.00000        0.00000        0.00000        0.00000        0.00000
       -1.70172        0.16202       -0.57425       -0.24539        0.84741        0.43103        0.09154        0.63424        2.08060        0.18461       -0.63465       21.64810       -0.19259        0.03832       -0.31950       -0.81210        0.00000        0.00000        0.00000        0.00000        0.00000        0.00000        0.00000        0.00000        0.00000        0.00000        0.00000        0.00000        0.00000        0.00000        0.00000        0.00000
       -2.90620        1.18704       -0.25067        0.84748        1.26218        0.57151       -0.04636        0.97391        2.20829        0.94710       -0.37462       -0.19259       12.67623        0.05118        0.08033       -0.55497        0.00000        0.00000        0.00000        0.00000        0.00000        0.00000        0.00000        0.00000        0.00000        0.00000        0.00000        0.00000        0.00000        0.00000        0.00000        0.00000
       -0.57001       -0.22809       -0.10841        0.42655        0.47763        0.60535        0.80317        0.48533        0.83894        0.04301       -0.01818        0.03832        0.05118       40.30304       -0.60001       -0.55042        0.00000        0.00000        0.00000        0.00000        0.00000        0.00000        0.00000        0.00000        0.00000        0.00000        0.00000        0.00000        0.00000        0.00000        0.00000        0.00000
       -0.65301       -0.04151        0.32595        0.03299       -0.06977        0.81403        0.26154        0.37725       -0.16592       -0.08005        0.50309       -0.31950        0.08033       -0.60001       41.08981        0.46714        0.00000        0.00000        0.00000        0.00000        0.00000        0.00000        0.00000        0.00000        0.00000        0.00000        0.00000        0.00000        0.00000        0.00000        0.00000        0.00000
       -1.78906        0.36324       -0.02048        0.50692        0.78533        0.51323        0.37619        0.87155        0.38843        0.29996        0.36232       -0.81210       -0.55497       -0.55042        0.46714       27.56184        0.00000        0.00000        0.00000        0.00000        0.00000        0.00000        0.00000        0.00000        0.00000        0.00000        0.00000        0.00000        0.00000        0.00000        0.00000        0.00000
        0.00000        0.00000        0.00000        0.00000        0.00000        0.00000        0.00000        0.00000        0.00000        0.00000        0.00000        0.00000        0.00000        0.00000        0.00000        0.00000       21.70397       -0.30992        0.78736        0.29183       -0.68496       -0.22502        0.83690       -1.49982        0.00000        0.00000        0.00000        0.00000        0.00000        0.00000        0.00000        0.00000
        0.00000        0.00000        0.00000        0.00000        0.00000        0.00000        0.00000        0.00000        0.00000        0.00000        0.00000        0.00000        0.00000        0.00000        0.00000        0.00000       -0.30992       20.26260       -0.40959       -0.03099        0.27411        0.23329       -0.07857        0.11192        0.00000        0.00000        0.00000        0.00000        0.00000        0.00000        0.00000        0.00000
        0.00000        0.00000        0.00000        0.00000        0.00000        0.00000        0.00000        0.00000        0.00000        0.00000        0.00000        0.00000        0.00000        0.00000        0.00000        0.00000        0.78736       -0.40959       11.86559        0.00088        0.12254        0.11841        0.15828       -0.39707        0.00000        0.00000        0.00000        0.00000        0.00000        0.00000        0.00000        0.00000
        0.00000        0.00000        0.00000        0.00000        0.00000        0.00000        0.00000        0.00000        0.00000        0.00000        0.00000        0.00000        0.00000        0.00000        0.00000        0.00000        0.29183       -0.03099        0.00088       23.85102        0.61390       -0.45673        0.24324       -0.24933        0.00000        0.00000        0.00000        0.00000        0.00000        0.00000        0.00000        0.00000
        0.00000        0.00000        0.00000        0.00000        0.00000        0.00000        0.00000        0.00000        0.00000        0.00000        0.00000        0.00000        0.00000        0.00000        0.00000        0.00000       -0.68496        0.27411        0.12254        0.61390       16.42195       -0.54820        0.01047        0.29192        0.00000        0.00000        0.00000        0.00000        0.00000        0.00000        0.00000        0.00000
        0.00000        0.00000        0.00000        0.00000        0.00000        0.00000        0.00000        0.00000        0.00000        0.00000        0.00000        0.00000        0.00000        0.00000        0.00000        0.00000       -0.22502        0.23329        0.11841       -0.45673       -0.54820       43.26299        0.20481        0.08034        0.00000        0.00000        0.00000        0.00000        0.00000        0.00000        0.00000        0.00000
        0.00000        0.00000        0.00000        0.00000        0.00000        0.00000        0.00000        0.00000        0.00000        0.00000        0.00000        0.00000        0.00000        0.00000        0.00000        0.00000        0.83690       -0.07857        0.15828        0.24324        0.01047        0.20481       43.53979       -0.85744        0.00000        0.00000        0.00000        0.00000        0.00000        0.00000        0.00000        0.00000
        0.00000        0.00000        0.00000        0.00000        0.00000        0.00000        0.00000        0.00000        0.00000        0.00000        0.00000        0.00000        0.00000        0.00000        0.00000        0.00000       -1.49982        0.11192       -0.39707       -0.24933        0.29192        0.08034       -0.85744       30.66530        0.00000        0.00000        0.00000        0.00000        0.00000        0.00000        0.00000        0.00000
        0.00000        0.00000        0.00000        0.00000        0.00000        0.00000        0.00000        0.00000        0.00000        0.00000        0.00000        0.00000        0.00000        0.00000        0.00000        0.00000        0.00000        0.00000        0.00000        0.00000        0.00000        0.00000        0.00000        0.00000       15.43885        0.32327       -0.91347        0.35289       -0.73584       -0.24076        0.83565       -1.42756
        0.00000        0.00000        0.00000        0.00000        0.00000        0.00000        0.00000        0.00000        0.00000        0.00000        0.00000        0.00000        0.00000        0.00000        0.00000        0.00000        0.00000        0.00000        0.00000        0.00000        0.00000        0.00000        0.00000        0.00000        0.32327       14.31030       -0.43884       -0.00831       -0.33819       -0.25212        0.05942       -0.10151
        0.00000        0.00000        0.00000        0.00000        0.00000        0.00000        0.00000        0.00000        0.00000        0.00000        0.00000        0.00000        0.00000        0.00000        0.00000        0.00000        0.00000        0.00000        0.00000        0.00000        0.00000        0.00000        0.00000        0.00000       -0.91347       -0.43884        6.02779       -0.04657       -0.15125       -0.10319       -0.15574        0.39497
        0.00000        0.00000        0.00000        0.00000        0.00000        0.00000        0.00000        0.00000        0.00000        0.00000        0.00000        0.00000        0.00000        0.00000        0.00000        0.00000        0.00000        0.00000        0.00000        0.00000        0.00000        0.00000        0.00000        0.00000        0.35289       -0.00831       -0.04657       18.11605        0.72068       -0.48748        0.26716       -0.26222
        0.00000        0.00000        0.00000        0.00000        0.00000        0.00000        0.00000        0.00000        0.00000        0.00000        0.00000        0.00000        0.00000        0.00000        0.00000        0.00000        0.00000        0.00000        0.00000        0.00000        0.00000        0.00000        0.00000        0.00000       -0.73584       -0.33819       -0.15125        0.72068       10.85916       -0.56806        0.00955        0.27784
        0.00000        0.00000        0.00000        0.00000        0.00000        0.00000        0.00000        0.00000        0.00000        0.00000        0.00000        0.00000        0.00000        0.00000        0.00000        0.00000        0.00000        0.00000        0.00000        0.00000        0.00000        0.00000        0.00000        0.00000       -0.24076       -0.25212       -0.10319       -0.48748       -0.56806       37.49966        0.21567        0.07402
        0.00000        0.00000        0.00000        0.00000        0.00000        0.00000        0.00000        0.00000        0.00000        0.00000        0.00000        0.00000        0.00000        0.00000        0.00000        0.00000        0.00000        0.00000        0.00000        0.00000        0.00000        0.00000        0.00000        0.00000        0.83565        0.05942       -0.15574        0.26716        0.00955        0.21567       37.94521       -0.82046
        0.00000        0.00000        0.00000        0.00000        0.00000        0.00000        0.00000        0.00000        0.00000        0.00000        0.00000        0.00000        0.00000        0.00000        0.00000        0.00000        0.00000        0.00000        0.00000        0.00000        0.00000        0.00000        0.00000        0.00000       -1.42756       -0.10151        0.39497       -0.26222        0.27784        0.07402       -0.82046       25.05654
 --------------------------------------
 --------------------------------------
       15.84889        0.84982       -0.48366        0.39917        0.24889       -0.16461       -0.18421       -0.39867        0.64185        0.00720       -0.08684       -0.04917       -0.49450       -0.15168       -0.38862        0.02907        0.00000        0.00000        0.00000        0.00000        0.00000        0.00000        0.00000        0.00000        0.00000        0.00000        0.00000        0.00000        0.00000        0.00000        0.00000        0.00000
        0.84982        9.02189       -0.35437        0.46485       -0.31341       -0.54592       -0.51373       -0.48465        0.01360        0.19322       -0.23266       -0.00903        0.53235       -0.08650       -0.00587       -0.20071        0.00000        0.00000        0.00000        0.00000        0.00000        0.00000        0.00000        0.00000        0.00000        0.00000        0.00000        0.00000        0.00000        0.00000        0.00000        0.00000
       -0.48366       -0.35437       16.14502        0.18348       -0.18435        0.49493        0.29688        0.14598        0.09297        0.22742        0.36207       -0.25144       -0.02816        0.03094       -0.03441       -0.10944        0.00000        0.00000        0.00000        0.00000        0.00000        0.00000        0.00000        0.00000        0.00000        0.00000        0.00000        0.00000        0.00000        0.00000        0.00000        0.00000
        0.39917        0.46485        0.18348       20.03841       -0.05436       -0.30102       -0.24592       -0.29539       -0.03258        0.00199        0.26589        0.31600        0.07008       -0.06100       -0.03459        0.00806        0.00000        0.00000        0.00000        0.00000        0.00000        0.00000        0.00000        0.00000        0.00000        0.00000        0.00000        0.00000        0.00000        0.00000        0.00000        0.00000
        0.24889       -0.31341       -0.18435       -0.05436       12.43470        0.11514       -0.03239        0.19230       -0.49954        0.48062        0.01691        0.06163       -0.14846        0.08806        0.20439       -0.10961        0.00000        0.00000        0.00000        0.00000        0.00000        0.00000        0.00000        0.00000        0.00000        0.00000        0.00000        0.00000        0.00000        0.00000        0.00000        0.00000
       -0.16461       -0.54592        0.49493       -0.30102        0.11514       39.51536        0.30260        0.57996       -0.15539       -0.06499       -0.02257       -0.07250        0.07012       -0.11184        0.08228       -0.00007        0.00000        0.00000        0.00000        0.00000        0.00000        0.00000        0.00000        0.00000        0.00000        0.00000        0.00000        0.00000        0.00000        0.00000        0.00000        0.00000
       -0.18421       -0.51373        0.29688       -0.24592       -0.03239        0.30260       26.36343        0.23009       -0.42387        0.00074        0.03409       -0.02117        0.23153        0.08427        0.24188       -0.03990        0.00000        0.00000        0.00000        0.00000        0.00000        0.00000        0.00000        0.00000        0.00000        0.00000        0.00000        0.00000        0.00000        0.00000        0.00000        0.00000
       -0.39867       -0.48465        0.14598       -0.29539        0.19230        0.57996        0.23009       18.93374        0.02798       -0.20422        0.13249        0.01632       -0.17194        0.01578       -0.03517        0.11145        0.00000        0.00000        0.00000        0.00000        0.00000        0.00000        0.00000        0.00000        0.00000        0.00000        0.00000        0.00000        0.00000        0.00000        0.00000        0.00000
        0.64185        0.01360        0.09297       -0.03258       -0.49954       -0.15539       -0.42387        0.02798       16.42990        0.95602        0.55179        0.45841        0.29183       -0.15807       -0.24940       -0.39769        0.00000        0.00000        0.00000        0.00000        0.00000        0.00000        0.00000        0.00000        0.00000        0.00000        0.00000        0.00000        0.00000        0.00000        0.00000        0.00000
        0.00720        0.19322        0.22742        0.00199        0.48062       -0.06499        0.00074       -0.20422        0.95602        9.48907        0.40967        0.53746       -0.34857       -0.57789       -0.51844       -0.53679        0.00000        0.00000        0.00000        0.00000        0.00000        0.00000        0.00000        0.00000        0.00000        0.00000        0.00000        0.00000        0.00000        0.00000        0.00000        0.00000
       -0.08684       -0.23266        0.36207        0.26589        0.01691       -0.02257        0.03409        0.13249        0.55179        0.40967       17.08446       -0.19299        0.20338       -0.49598       -0.30362       -0.14552        0.00000        0.00000        0.00000        0.00000        0.00000        0.00000        0.00000        0.00000        0.00000        0.00000        0.00000        0.00000        0.00000        0.00000        0.00000        0.00000
       -0.04917       -0.00903       -0.25144        0.31600        0.06163       -0.07250       -0.02117        0.01632        0.45841        0.53746       -0.19299       21.14164       -0.07986       -0.33124       -0.25843       -0.31080        0.00000        0.00000        0.00000        0.00000        0.00000        0.00000        0.00000        0.00000        0.00000        0.00000        0.00000        0.00000        0.00000        0.00000        0.00000        0.00000
       -0.49450        0.53235       -0.02816        0.07008       -0.14846        0.07012        0.23153       -0.17194        0.29183       -0.34857        0.20338       -0.07986       13.34202        0.13491       -0.03636        0.19831        0.00000        0.00000        0.00000        0.00000        0.00000        0.00000        0.00000        0.00000        0.00000        0.00000        0.00000        0.00000        0.00000        0.00000        0.00000        0.00000
       -0.15168       -0.08650        0.03094       -0.06100        0.08806       -0.11184        0.08427        0.01578       -0.15807       -0.57789       -0.49598       -0.33124        0.13491       40.97977        0.31692        0.60658        0.00000        0.00000        0.00000        0.00000        0.00000        0.00000        0.00000        0.00000        0.00000        0.00000        0.00000        0.00000        0.00000        0.00000        0.00000        0.00000
       -0.38862       -0.00587       -0.03441       -0.03459        0.20439        0.08228        0.24188       -0.03517       -0.24940       -0.51844       -0.30362       -0.25843       -0.03636        0.31692       27.70329        0.21364        0.00000        0.00000        0.00000        0.00000        0.00000        0.00000        0.00000        0.00000        0.00000        0.00000        0.00000        0.00000        0.00000        0.00000        0.00000        0.00000
        0.02907       -0.20071       -0.10944        0.00806       -0.10961       -0.00007       -0.03990        0.11145       -0.39769       -0.53679       -0.14552       -0.31080        0.19831        0.60658        0.21364       20.08469        0.00000        0.00000        0.00000        0.00000        0.00000        0.00000        0.00000        0.00000        0.00000        0.00000        0.00000        0.00000        0.00000        0.00000        0.00000        0.00000
        0.00000        0.00000        0.00000        0.00000        0.00000        0.00000        0.00000        0.00000        0.00000        0.00000        0.00000        0.00000        0.00000        0.00000        0.00000        0.00000       20.20824        0.94499       -0.40855        0.37066       -0.19044        0.33767       -0.70666       -0.42302        0.00000        0.00000        0.00000        0.00000        0.00000        0.00000        0.00000        0.00000
        0.00000        0.00000        0.00000        0.00000        0.00000        0.00000        0.00000        0.00000        0.00000        0.00000        0.00000        0.00000        0.00000        0.00000        0.00000        0.00000        0.94499       12.77969       -0.14452        0.48623        0.18948        0.64020       -0.56237       -0.80500        0.00000        0.00000        0.00000        0.00000        0.00000        0.00000        0.00000        0.00000
        0.00000        0.00000        0.00000        0.00000        0.00000        0.00000        0.00000        0.00000        0.00000        0.00000        0.00000        0.00000        0.00000        0.00000        0.00000        0.00000       -0.40855       -0.14452       19.45476       -0.08595       -0.18797       -0.47804        0.26019        0.02439        0.00000        0.00000        0.00000        0.00000        0.00000        0.00000        0.00000        0.00000
        0.00000        0.00000        0.00000        0.00000        0.00000        0.00000        0.00000        0.00000        0.00000        0.00000        0.00000        0.00000        0.00000        0.00000        0.00000        0.00000        0.37066        0.48623       -0.08595       23.95896       -0.02770        0.35701       -0.27962       -0.29328        0.00000        0.00000        0.00000        0.00000        0.00000        0.00000        0.00000        0.00000
        0.00000        0.00000        0.00000        0.00000        0.00000        0.00000        0.00000        0.00000        0.00000        0.00000        0.00000        0.00000        0.00000        0.00000        0.00000        0.00000       -0.19044        0.18948       -0.18797       -0.02770       15.75835       -0.17456        0.15772        0.03691        0.00000        0.00000        0.00000        0.00000        0.00000        0.00000        0.00000        0.00000
        0.00000        0.00000        0.00000        0.00000        0.00000        0.00000        0.00000        0.00000        0.00000        0.00000        0.00000        0.00000        0.00000        0.00000        0.00000        0.00000        0.33767        0.64020       -0.47804        0.35701       -0.17456       43.11407       -0.43746       -0.64015        0.00000        0.00000        0.00000        0.00000        0.00000        0.00000        0.00000        0.00000
        0.00000        0.00000        0.00000        0.00000        0.00000        0.00000        0.00000        0.00000        0.00000        0.00000        0.00000        0.00000        0.00000        0.00000        0.00000        0.00000       -0.70666       -0.56237        0.26019       -0.27962        0.15772       -0.43746       30.20787        0.22975        0.00000        0.00000        0.00000        0.00000        0.00000        0.00000        0.00000        0.00000
        0.00000        0.00000        0.00000        0.00000        0.00000        0.00000        0.00000        0.00000        0.00000        0.00000        0.00000        0.00000        0.00000        0.00000        0.00000        0.00000       -0.42302       -0.80500        0.02439       -0.29328        0.03691       -0.64015        0.22975       22.47427        0.00000        0.00000        0.00000        0.00000        0.00000        0.00000        0.00000        0.00000
        0.00000        0.00000        0.00000        0.00000        0.00000        0.00000        0.00000        0.00000        0.00000        0.00000        0.00000        0.00000        0.00000        0.00000        0.00000        0.00000        0.00000        0.00000        0.00000        0.00000        0.00000        0.00000        0.00000        0.00000       13.84459        0.99886        0.47416        0.41675       -0.20314        0.33145       -0.67209       -0.37502
        0.00000        0.00000        0.00000        0.00000        0.00000        0.00000        0.00000        0.00000        0.00000        0.00000        0.00000        0.00000        0.00000        0.00000        0.00000        0.00000        0.00000        0.00000        0.00000        0.00000        0.00000        0.00000        0.00000        0.00000        0.99886        6.59540        0.19136        0.53258        0.19480        0.65443       -0.52987       -0.75003
        0.00000        0.00000        0.00000        0.00000        0.00000        0.00000        0.00000        0.00000        0.00000        0.00000        0.00000        0.00000        0.00000        0.00000        0.00000        0.00000        0.00000        0.00000        0.00000        0.00000        0.00000        0.00000        0.00000        0.00000        0.47416        0.19136       13.43220        0.10035        0.22557        0.51131       -0.26787       -0.02525
        0.00000        0.00000        0.00000        0.00000        0.00000        0.00000        0.00000        0.00000        0.00000        0.00000        0.00000        0.00000        0.00000        0.00000        0.00000        0.00000        0.00000        0.00000        0.00000        0.00000        0.00000        0.00000        0.00000        0.00000        0.41675        0.53258        0.10035       18.18595       -0.01203        0.39611       -0.28846       -0.29154
        0.00000        0.00000        0.00000        0.00000        0.00000        0.00000        0.00000        0.00000        0.00000        0.00000        0.00000        0.00000        0.00000        0.00000        0.00000        0.00000        0.00000        0.00000        0.00000        0.00000        0.00000        0.00000        0.00000        0.00000       -0.20314        0.19480        0.22557       -0.01203       10.09291       -0.21074        0.17248        0.06335
        0.00000        0.00000        0.00000        0.00000        0.00000        0.00000        0.00000        0.00000        0.00000        0.00000        0.00000        0.00000        0.00000        0.00000        0.00000        0.00000        0.00000        0.00000        0.00000        0.00000        0.00000        0.00000        0.00000        0.00000        0.33145        0.65443        0.51131        0.39611       -0.21074       37.47684       -0.41016       -0.60979
        0.00000        0.00000        0.00000        0.00000        0.00000        0.00000        0.00000        0.00000        0.00000        0.00000        0.00000        0.00000        0.00000        0.00000        0.00000        0.00000        0.00000        0.00000        0.00000        0.00000        0.00000        0.00000        0.00000        0.00000       -0.67209       -0.52987       -0.26787       -0.28846        0.17248       -0.41016       24.65037        0.18522
        0.00000        0.00000        0.00000        0.00000        0.00000        0.00000        0.00000        0.00000        0.00000        0.00000        0.00000        0.00000        0.00000        0.00000        0.00000        0.00000        0.00000        0.00000        0.00000        0.00000        0.00000        0.00000        0.00000        0.00000       -0.37502       -0.75003       -0.02525       -0.29154        0.06335       -0.60979        0.18522       17.07367
 --------------------------------------
 --------------------------------------
       15.86078        0.03407        0.49084       -0.08219       -0.31017       -0.07963        0.23855       -1.01896       -1.17754       -0.11732       -0.05187        0.56619        0.00000        0.00000        0.00000        0.00000        0.00000        0.00000        0.00000        0.00000        0.00000        0.00000        0.00000        0.00000
        0.03407        8.23741       -0.82387        0.22627       -0.03032       -0.10617       -1.01010        0.95155        0.98713        0.51307        0.51082       -0.47476        0.00000        0.00000        0.00000        0.00000        0.00000        0.00000        0.00000        0.00000        0.00000        0.00000        0.00000        0.00000
        0.49084       -0.82387       19.82917        0.36998       -0.10986        0.32210       -1.12675        0.95416        0.58146        0.67503        0.34517       -0.28285        0.00000        0.00000        0.00000        0.00000        0.00000        0.00000        0.00000        0.00000        0.00000        0.00000        0.00000        0.00000
       -0.08219        0.22627        0.36998       42.39652       -0.05756       -0.02690        0.10615       -0.47946       -0.66538       -0.07680       -0.01764        0.23286        0.00000        0.00000        0.00000        0.00000        0.00000        0.00000        0.00000        0.00000        0.00000        0.00000        0.00000        0.00000
       -0.31017       -0.03032       -0.10986       -0.05756       26.50853        0.06458       -0.06887        0.57685        0.44555        0.02996        0.03357       -0.37194        0.00000        0.00000        0.00000        0.00000        0.00000        0.00000        0.00000        0.00000        0.00000        0.00000        0.00000        0.00000
       -0.07963       -0.10617        0.32210       -0.02690        0.06458       18.75253        0.62162       -0.53052       -0.36280       -0.28454       -0.36548        0.25854        0.00000        0.00000        0.00000        0.00000        0.00000        0.00000        0.00000        0.00000        0.00000        0.00000        0.00000        0.00000
        0.23855       -1.01010       -1.12675        0.10615       -0.06887        0.62162       16.43484        0.03239        0.53939        0.03717       -0.38610       -0.08623        0.00000        0.00000        0.00000        0.00000        0.00000        0.00000        0.00000        0.00000        0.00000        0.00000        0.00000        0.00000
       -1.01896        0.95155        0.95416       -0.47946        0.57685       -0.53052        0.03239        8.62334       -0.92505       -0.16846       -0.03272       -0.15813        0.00000        0.00000        0.00000        0.00000        0.00000        0.00000        0.00000        0.00000        0.00000        0.00000        0.00000        0.00000
       -1.17754        0.98713        0.58146       -0.66538        0.44555       -0.36280        0.53939       -0.92505       20.88761       -0.43408       -0.10427        0.33054        0.00000        0.00000        0.00000        0.00000        0.00000        0.00000        0.00000        0.00000        0.00000        0.00000        0.00000        0.00000
       -0.11732        0.51307        0.67503       -0.07680        0.02996       -0.28454        0.03717       -0.16846       -0.43408       43.71718        0.06551        0.03095        0.00000        0.00000        0.00000        0.00000        0.00000        0.00000        0.00000        0.00000        0.00000        0.00000        0.00000        0.00000
       -0.05187        0.51082        0.34517       -0.01764        0.03357       -0.36548       -0.38610       -0.03272       -0.10427        0.06551       27.84535        0.05938        0.00000        0.00000        0.00000        0.00000        0.00000        0.00000        0.00000        0.00000        0.00000        0.00000        0.00000        0.00000
        0.56619       -0.47476       -0.28285        0.23286       -0.37194        0.25854       -0.08623       -0.15813        0.33054        0.03095        0.05938       19.92242        0.00000        0.00000        0.00000        0.00000        0.00000        0.00000        0.00000        0.00000        0.00000        0.00000        0.00000        0.00000
        0.00000        0.00000        0.00000        0.00000        0.00000        0.00000        0.00000        0.00000        0.00000        0.00000        0.00000        0.00000       19.74560       -0.93833       -0.60342       -0.02622       -0.44132        0.51575        0.00000        0.00000        0.00000        0.00000        0.00000        0.00000
        0.00000        0.00000        0.00000        0.00000        0.00000        0.00000        0.00000        0.00000        0.00000        0.00000        0.00000        0.00000       -0.93833       12.66930        0.07594        0.27216        0.51591       -0.70055        0.00000        0.00000        0.00000        0.00000        0.00000        0.00000
        0.00000        0.00000        0.00000        0.00000        0.00000        0.00000        0.00000        0.00000        0.00000        0.00000        0.00000        0.00000       -0.60342        0.07594       23.95292        0.24569        0.27851        0.01811        0.00000        0.00000        0.00000        0.00000        0.00000        0.00000
        0.00000        0.00000        0.00000        0.00000        0.00000        0.00000        0.00000        0.00000        0.00000        0.00000        0.00000        0.00000       -0.02622        0.27216        0.24569       46.14709        0.07202       -0.22056        0.00000        0.00000        0.00000        0.00000        0.00000        0.00000
        0.00000        0.00000        0.00000        0.00000        0.00000        0.00000        0.00000        0.00000        0.00000        0.00000        0.00000        0.00000       -0.44132        0.51591        0.27851        0.07202       30.10116       -0.32202        0.00000        0.00000        0.00000        0.00000        0.00000        0.00000
        0.00000        0.00000        0.00000        0.00000        0.00000        0.00000        0.00000        0.00000        0.00000        0.00000        0.00000        0.00000        0.51575       -0.70055        0.01811       -0.22056       -0.32202       22.42823        0.00000        0.00000        0.00000        0.00000        0.00000        0.00000
