 
 ******** matrix  D *************
 
   0.9999470220   0.0002182035  -0.0005064674   0.0000838912   0.0033064197  -0.0039041782   0.0000882460   0.0000734605  -0.0000302026   0.0002685812   0.0000504009  -0.0000962654  -0.0005847989   0.0004983081   0.0003993996  -0.0087217709  -0.0009484854  -0.0012845944  -0.0001304816   0.0012860850   0.0005041682  -0.0004351607   0.0008973622  -0.0000672718   0.0002780877  -0.0013751862   0.0004784952   0.0009267328  -0.0007328641   0.0035440089  -0.0216111863  -0.0053972707   0.0242549033  -0.0623475344   0.0004294340   0.0013508398  -0.0001910698  -0.0004416444  -0.0004322290  -0.0008080302   0.0002047405  -0.0016233977   0.0003292769  -0.0022255370  -0.0009519531  -0.0023963611  -0.0002023541  -0.0028080530  -0.0058961151   0.0908723650   0.0022226495   0.0002895537   0.0013670880   0.0001139996   0.0021030745  -0.0697154157  -0.0032048866   0.0012050640   0.0007484239   0.0010159279   0.0027267941  -0.0017024952  -0.0001836957   0.0009088162  -0.0020942393  -0.0002633792  -0.0045612144  -0.0030561249  -0.0484783958   0.0384857964   0.0912876790   0.0488962506
   0.0002182035   0.9991012723   0.0020860174  -0.0003455277  -0.0136183469   0.0160803702  -0.0003634640  -0.0003025662   0.0001243971  -0.0011062211  -0.0002075893   0.0003964939   0.0024086458  -0.0020524110  -0.0016450309   0.0359228750   0.0039065832   0.0052909353  -0.0000652737   0.0006433663   0.0002522110  -0.0002176899   0.0004489070  -0.0000336528   0.0001391138  -0.0006879393   0.0002393680   0.0004635997  -0.0003666165   0.0017728966  -0.0108110333  -0.0026999940   0.0121335574  -0.0311894620   0.0002148251   0.0006757600  -0.0000955830  -0.0002209334  -0.0002162233  -0.0004042185   0.0001024218  -0.0008121075   0.0001647213  -0.0011133287  -0.0004762162  -0.0011987838  -0.0001012280  -0.0014047334  -0.0029495418   0.0454590578  -0.0155175870  -0.0020215399  -0.0095444227  -0.0007958963  -0.0146827654   0.4867231781   0.0223751460  -0.0084132407  -0.0052251752  -0.0070927737  -0.0190373088   0.0118860926   0.0012824845  -0.0063449653   0.0146210822   0.0018388011   0.0318444456   0.0213365556   0.3384553992  -0.2686913495  -0.6373314824  -0.3413726831
  -0.0005064674   0.0020860174   0.9951581903   0.0008019968   0.0316092492  -0.0373237980   0.0008436284   0.0007022798  -0.0002887354   0.0025676258   0.0004818309  -0.0009202933  -0.0055906555   0.0047638067   0.0038182456  -0.0833798049  -0.0090674853  -0.0122806749  -0.0004343335   0.0042809843   0.0016782218  -0.0014485170   0.0029870447  -0.0002239272   0.0009256690  -0.0045775748   0.0015927642   0.0030848106  -0.0024394806   0.0117969233  -0.0719370388  -0.0179658657   0.0807371655  -0.2075359005   0.0014294547   0.0044965333  -0.0006360129  -0.0014700992  -0.0014387584  -0.0026896857   0.0006815186  -0.0054037951   0.0010960622  -0.0074081330  -0.0031687611  -0.0079767542  -0.0006735749  -0.0093471510  -0.0196263664   0.3024863498   0.0025904462   0.0003374681   0.0015933092   0.0001328639   0.0024510843  -0.0812516927  -0.0037352207   0.0014044740   0.0008722706   0.0011840403   0.0031780150  -0.0019842185  -0.0002140930   0.0010592041  -0.0024407871  -0.0003069624  -0.0053159891  -0.0035618424  -0.0565004407   0.0448542990   0.1063936629   0.0569874409
   0.0000838912  -0.0003455277   0.0008019968   0.9998671573  -0.0052357524   0.0061823097  -0.0001397385  -0.0001163255   0.0000478261  -0.0004253012  -0.0000798104   0.0001524373   0.0009260355  -0.0007890764  -0.0006324538   0.0138110214   0.0015019372   0.0020341696   0.0010250386  -0.0101032365  -0.0039606480   0.0034185386  -0.0070495047   0.0005284741  -0.0021846034   0.0108031979  -0.0037589658  -0.0072802347   0.0057572390  -0.0278410518   0.1697733189   0.0423999194  -0.1905418514   0.4897902281  -0.0033735510  -0.0106119378   0.0015010072   0.0034694732   0.0033955080   0.0063477296  -0.0016084021   0.0127530996  -0.0025867360   0.0174833903   0.0074783603   0.0188253515   0.0015896546   0.0220595242   0.0463187452  -0.7138758060   0.0004489123   0.0000584817   0.0002761131   0.0000230247   0.0004247616  -0.0140805426  -0.0006472965   0.0002433889   0.0001511605   0.0002051887   0.0005507353  -0.0003438559  -0.0000371013   0.0001835552  -0.0004229771  -0.0000531952  -0.0009212363  -0.0006172508  -0.0097912651   0.0077730426   0.0184375298   0.0098756600
   0.0033064197  -0.0136183469   0.0316092492  -0.0052357524   0.7936423148   0.2436645211  -0.0055075398  -0.0045847602   0.0018849789  -0.0167624771  -0.0031455830   0.0060080386   0.0364980110  -0.0311000149  -0.0249270180   0.5443363565   0.0591961319   0.0801731048  -0.0001318942   0.0013000081   0.0005096263  -0.0004398717   0.0009070770  -0.0000680001   0.0002810983  -0.0013900739   0.0004836753   0.0009367656  -0.0007407980   0.0035823762  -0.0218451481  -0.0054557013   0.0245174860  -0.0630225065   0.0004340831   0.0013654640  -0.0001931383  -0.0004464256  -0.0004369083  -0.0008167779   0.0002069570  -0.0016409725   0.0003328416  -0.0022496306  -0.0009622589  -0.0024223040  -0.0002045447  -0.0028384529  -0.0059599462   0.0918561458   0.0006245611   0.0000813641   0.0003841496   0.0000320337   0.0005909607  -0.0195899237  -0.0009005682   0.0003386211   0.0002103060   0.0002854742   0.0007662249  -0.0004783985  -0.0000516182   0.0002553759  -0.0005884780  -0.0000740092  -0.0012816942  -0.0008587664  -0.0136223540   0.0108144491   0.0256516962   0.0137397706
  -0.0039041782   0.0160803702  -0.0373237980   0.0061823097   0.2436645211   0.7122840432   0.0065032327   0.0054136264  -0.0022257590   0.0197929190   0.0037142642  -0.0070942153  -0.0430963856   0.0367225007   0.0294335047  -0.6427454228  -0.0698980371  -0.0946673790  -0.0000352086   0.0003470311   0.0001360424  -0.0001174217   0.0002421400  -0.0000181523   0.0000750379  -0.0003710738   0.0001291149   0.0002500652  -0.0001977526   0.0009562987  -0.0058314608  -0.0014563741   0.0065448290  -0.0168235653   0.0001158765   0.0003645043  -0.0000515574  -0.0001191712  -0.0001166306  -0.0002180351   0.0000552462  -0.0004380500   0.0000888505  -0.0006005284  -0.0002568705  -0.0006466228  -0.0000546023  -0.0007577118  -0.0015909799   0.0245205713  -0.0006948963  -0.0000905270  -0.0004274108  -0.0000356412  -0.0006575120   0.0217960537   0.0010019861  -0.0003767551  -0.0002339897  -0.0003176230  -0.0008525138   0.0005322736   0.0000574312  -0.0002841352   0.0006547498   0.0000823437   0.0014260329   0.0009554768   0.0151564429  -0.0120323242  -0.0285404760  -0.0152870824
   0.0000882460  -0.0003634640   0.0008436284  -0.0001397385  -0.0055075398   0.0065032327   0.9999354631  -0.0001133395  -0.0000204350   0.0002680941   0.0000379839  -0.0000889938  -0.0003893078   0.0003652073   0.0005619221  -0.0031547334  -0.0016465429  -0.0111655820  -0.0007833942  -0.0000806066   0.0000392779   0.0003928525   0.0004280445  -0.0004167730  -0.0001315099   0.0006504425  -0.0006828895  -0.0003486952  -0.0009489860  -0.0018596089  -0.0058942017   0.0115194860   0.0160851912   0.0314648441   0.0000781443   0.0002458129  -0.0000347690  -0.0000803662  -0.0000786529  -0.0001470376   0.0000372567  -0.0002954104   0.0000599187  -0.0004049820  -0.0001732273  -0.0004360669  -0.0000368225  -0.0005109827  -0.0010729187   0.0165360850   0.0019673206   0.0002562909   0.0012100425   0.0001009038   0.0018614818  -0.0617067921   0.0010549648  -0.0014337474  -0.0006434910   0.0000650811  -0.0015568306   0.0005587045  -0.0001789401   0.0008847643   0.0002167355  -0.0006992290   0.0019601516  -0.0020694761   0.0324211100  -0.0068300396  -0.0472680085   0.0378433331
   0.0000734605  -0.0003025662   0.0007022798  -0.0001163255  -0.0045847602   0.0054136264  -0.0001133395   0.9998247195  -0.0000189359   0.0002856443   0.0000368704  -0.0000927467  -0.0003580038   0.0003505027   0.0006463879  -0.0017398546  -0.0019587201  -0.0147832194  -0.0002792860   0.0002903410   0.0001361884   0.0000171406   0.0003554311  -0.0001480559   0.0000267748  -0.0001323720  -0.0000980393   0.0001174950  -0.0004794557   0.0002832716  -0.0071666194   0.0023104493   0.0110321395  -0.0053779637  -0.0000386019  -0.0001214273   0.0000171753   0.0000396995   0.0000388532   0.0000726340  -0.0000184042   0.0001459276  -0.0000295988   0.0002000540   0.0000855713   0.0002154094   0.0000181897   0.0002524165   0.0005300031  -0.0081685377  -0.0072688756  -0.0009469463  -0.0044708769  -0.0003728203  -0.0068778216   0.2279948703  -0.0037113034   0.0034582994   0.0016566073   0.0003818255   0.0044689491  -0.0019681073   0.0002634792  -0.0013024948  -0.0014850531   0.0012582736  -0.0061943789   0.0025783239  -0.0888854531   0.0329538930   0.1399613586  -0.0506658225
  -0.0000302026   0.0001243971  -0.0002887354   0.0000478261   0.0018849789  -0.0022257590  -0.0000204350  -0.0000189359   1.0000056211  -0.0000471982  -0.0000092550   0.0000171460   0.0001090448  -0.0000918365  -0.0000649167   0.0017119119   0.0001440866  -0.0000933387  -0.0000742462   0.0003662688   0.0001469045  -0.0001068033   0.0002782523  -0.0000388823   0.0000738528  -0.0003652086   0.0001056835   0.0002503122  -0.0002553278   0.0009325936  -0.0064943357  -0.0010132594   0.0077324688  -0.0164651041  -0.0000704755  -0.0002216898   0.0000313569   0.0000724794   0.0000709342   0.0001326079  -0.0000336005   0.0002664199  -0.0000540385   0.0003652386   0.0001562275   0.0003932729   0.0000332088   0.0004608368   0.0009676265  -0.0149132959  -0.0263636084  -0.0034344957  -0.0162154994  -0.0013521883  -0.0249452881   0.8269184706  -0.0124394932   0.0024785848   0.0020629617   0.0047902406   0.0091861148  -0.0066117200  -0.0012205843   0.0060376089  -0.0091306734  -0.0026885814  -0.0167314010  -0.0183826095  -0.1532597821   0.1617578859   0.3178191942   0.3041457849
   0.0002685812  -0.0011062211   0.0025676258  -0.0004253012  -0.0167624771   0.0197929190   0.0002680941   0.0002856443  -0.0000471982   1.0003292115   0.0000746941  -0.0001254333  -0.0009205491   0.0007493218   0.0003185019  -0.0165075501  -0.0004293315   0.0087817403   0.0009445540  -0.0006284157  -0.0003252165  -0.0001941546  -0.0009773510   0.0005013134  -0.0000089417   0.0000440999   0.0004926876  -0.0001294580   0.0014651618   0.0000903615   0.0186255739  -0.0098042847  -0.0314414430  -0.0001986725   0.0000569166   0.0001790385  -0.0000253241  -0.0000585350  -0.0000572871  -0.0001070952   0.0000271360  -0.0002151630   0.0000436419  -0.0002949697  -0.0001261706  -0.0003176105  -0.0000268197  -0.0003721756  -0.0007814632   0.0120441022   0.0023711351   0.0003088975   0.0014584172   0.0001216154   0.0022435718  -0.0743728022   0.0029529963  -0.0183015346  -0.0072726787   0.0056862596  -0.0134404965   0.0015403015  -0.0037993244   0.0187880933  -0.0059050388  -0.0127853554   0.0118067524  -0.0481651212   0.3175745013   0.0613214563  -0.3695378916   0.8490700393
   0.0000504009  -0.0002075893   0.0004818309  -0.0000798104  -0.0031455830   0.0037142642   0.0000379839   0.0000368704  -0.0000092550   0.0000746941   1.0000151024  -0.0000273971  -0.0001797606   0.0001502258   0.0000966977  -0.0029144993  -0.0002021472   0.0005132137  -0.0046834277   0.0005988603   0.0006486764   0.0019322949   0.0032460234  -0.0024898425  -0.0005367233   0.0026547983  -0.0035900299  -0.0012655994  -0.0061514404  -0.0079124247  -0.0523945613   0.0627834423   0.1141071784   0.1318979771   0.0002420645   0.0007614451  -0.0001077027  -0.0002489473  -0.0002436400  -0.0004554727   0.0001154087  -0.0009150813   0.0001856077  -0.0012544968  -0.0005365995  -0.0013507874  -0.0001140635  -0.0015828511  -0.0033235384   0.0512231853  -0.0015445057  -0.0002012091  -0.0009499812  -0.0000792176  -0.0014614137   0.0484448211  -0.0007200601   0.0000594105   0.0000872243   0.0003096654   0.0004783019  -0.0003828582  -0.0000900593   0.0004454527  -0.0005668395  -0.0002193337  -0.0009313146  -0.0013133673  -0.0075369709   0.0098366077   0.0170012781   0.0219776120
  -0.0000962654   0.0003964939  -0.0009202933   0.0001524373   0.0060080386  -0.0070942153  -0.0000889938  -0.0000927467   0.0000171460  -0.0001254333  -0.0000273971   1.0000471798   0.0003339834  -0.0002741072  -0.0001354214   0.0058111561   0.0002238869  -0.0024941965  -0.0021589264   0.0023710002   0.0011012448   0.0000837248   0.0028280281  -0.0011442873   0.0002362031  -0.0011678035  -0.0007001557   0.0010042101  -0.0037622764   0.0025652230  -0.0574091553   0.0171473249   0.0873824598  -0.0481579633  -0.0003247723  -0.0010216130   0.0001445022   0.0003340068   0.0003268861   0.0006110970  -0.0001548411   0.0012277431  -0.0002490255   0.0016831289   0.0007199430   0.0018123198   0.0001530363   0.0021236741   0.0044591134  -0.0687249447   0.0001775788   0.0000231339   0.0001092236   0.0000091080   0.0001680253  -0.0055699185   0.0001170612  -0.0003446375  -0.0001424548   0.0000786969  -0.0002906963   0.0000616887  -0.0000626888   0.0003099947  -0.0000605108  -0.0002182005   0.0002995736  -0.0007798759   0.0065430160   0.0002867038  -0.0083255762   0.0138495187
  -0.0005847989   0.0024086458  -0.0055906555   0.0009260355   0.0364980110  -0.0430963856  -0.0003893078  -0.0003580038   0.0001090448  -0.0009205491  -0.0001797606   0.0003339834   1.0021150097  -0.0017831531  -0.0012760290   0.0330523379   0.0028526856  -0.0012211422   0.0227122408  -0.0026864212  -0.0030623683  -0.0094545265  -0.0156031452   0.0120748287   0.0026531017  -0.0131230001   0.0175090532   0.0063025282   0.0297350413   0.0390169672   0.2506302797  -0.3056936047  -0.5497464996  -0.6509631756  -0.0012192444  -0.0038352900   0.0005424832   0.0012539120   0.0012271800   0.0022941506  -0.0005812971   0.0046091332  -0.0009348794   0.0063187207   0.0027027750   0.0068037226   0.0005745215   0.0079725940   0.0167401865  -0.2580038404  -0.0000550280  -0.0000071687  -0.0000338461  -0.0000028224  -0.0000520676   0.0017260027  -0.0000578029   0.0003189857   0.0001273259  -0.0000961832   0.0002381355  -0.0000302152   0.0000653073  -0.0003229513   0.0000976974   0.0002205164  -0.0002137460   0.0008263892  -0.0055931494  -0.0009793329   0.0065817118  -0.0145783254
   0.0004983081  -0.0020524110   0.0047638067  -0.0007890764  -0.0311000149   0.0367225007   0.0003652073   0.0003505027  -0.0000918365   0.0007493218   0.0001502258  -0.0002741072  -0.0017831531   1.0014933237   0.0009870044  -0.0286616612  -0.0021005546   0.0041225777  -0.0124847541   0.0170670099   0.0076534090  -0.0008085688   0.0184873121  -0.0066117041   0.0021406287  -0.0105842956  -0.0025195019   0.0083503816  -0.0232410629   0.0247862393  -0.3852623267   0.0802677116   0.5610373055  -0.4530308412  -0.0025771061  -0.0081066182   0.0011466419   0.0026503825   0.0025938794   0.0048491257  -0.0012286824   0.0097422837  -0.0019760463   0.0133558236   0.0057128314   0.0143809678   0.0012143610   0.0168516008   0.0353835829  -0.5453404166   0.0007966482   0.0001037826   0.0004899954   0.0000408600   0.0007537898  -0.0249875919   0.0004342715  -0.0006503006  -0.0002879064   0.0000499438  -0.0006790696   0.0002298890  -0.0000875351   0.0004328251   0.0000618261  -0.0003333839   0.0008334733  -0.0010301338   0.0143001570  -0.0024731781  -0.0204555849   0.0187041295
   0.0003993996  -0.0016450309   0.0038182456  -0.0006324538  -0.0249270180   0.0294335047   0.0005619221   0.0006463879  -0.0000649167   0.0003185019   0.0000966977  -0.0001354214  -0.0012760290   0.0009870044   0.9999845314  -0.0269749140   0.0009718269   0.0280880877   0.0005823443  -0.0004717624  -0.0002327965  -0.0000872179  -0.0006561688   0.0003089347  -0.0000249795   0.0001234559   0.0002653251  -0.0001437197   0.0009406132  -0.0001943622   0.0128218564  -0.0055698816  -0.0207846101   0.0042633727   0.0000526551   0.0001656334  -0.0000234280  -0.0000541523  -0.0000529978  -0.0000990767   0.0000251043  -0.0001990531   0.0000403743  -0.0002728845  -0.0001167238  -0.0002938301  -0.0000248117  -0.0003443097  -0.0007229528   0.0111423246   0.0000833150   0.0000108538   0.0000512446   0.0000042732   0.0000788327  -0.0026132491   0.0000088264   0.0002926424   0.0001112722  -0.0001168073   0.0001806256   0.0000051774   0.0000688285  -0.0003403727   0.0001406485   0.0002250144  -0.0001183482   0.0008861001  -0.0045648084  -0.0017721864   0.0046624301  -0.0155277772
  -0.0087217709   0.0359228750  -0.0833798049   0.0138110214   0.5443363565  -0.6427454228  -0.0031547334  -0.0017398546   0.0017119119  -0.0165075501  -0.0029144993   0.0058111561   0.0330523379  -0.0286616612  -0.0269749140   1.4535278491   0.0686994673   0.2258892721  -0.0020946939   0.0010436161   0.0005871938   0.0005653909   0.0019449447  -0.0011123176  -0.0000609662   0.0003017537  -0.0012521156   0.0000218573  -0.0030944129  -0.0012383058  -0.0357490234   0.0237128902   0.0639153206   0.0186439014  -0.0000533211  -0.0001677285   0.0000237244   0.0000548373   0.0000536682   0.0001003299  -0.0000254218   0.0002015709  -0.0000408850   0.0002763362   0.0001182003   0.0002975468   0.0000251255   0.0003486649   0.0007320975  -0.0112832653   0.0001665006   0.0000216907   0.0001024097   0.0000085398   0.0001575431  -0.0052224418   0.0001308412  -0.0005309389  -0.0002150297   0.0001440993  -0.0004175542   0.0000687099  -0.0001037105   0.0005128539  -0.0001340496  -0.0003543267   0.0003992986  -0.0013038531   0.0096266981   0.0011408913  -0.0117252173   0.0230594345
  -0.0009484854   0.0039065832  -0.0090674853   0.0015019372   0.0591961319  -0.0698980371  -0.0016465429  -0.0019587201   0.0001440866  -0.0004293315  -0.0002021472   0.0002238869   0.0028526856  -0.0021005546   0.0009718269   0.0686994673   0.9946135285  -0.0954361356  -0.0002104358   0.0000504529   0.0000381625   0.0000777520   0.0001608173  -0.0001118348  -0.0000186807   0.0000924066  -0.0001505770  -0.0000390229  -0.0002868110  -0.0002856981  -0.0027279627   0.0026884345   0.0055179805   0.0047018605   0.0000059723   0.0000187865  -0.0000026573  -0.0000061421  -0.0000060111  -0.0000112375   0.0000028474  -0.0000225771   0.0000045794  -0.0000309512  -0.0000132391  -0.0000333269  -0.0000028142  -0.0000390525  -0.0000819991   0.0012637902  -0.0002629351  -0.0000342536  -0.0001617239  -0.0000134859  -0.0002487896   0.0082471989  -0.0001003542  -0.0002089761  -0.0000710382   0.0001268486  -0.0000714438  -0.0000537174  -0.0000627050   0.0003101023  -0.0001780119  -0.0001952120  -0.0000336996  -0.0008273234   0.0023984711   0.0025940225  -0.0012376451   0.0143626152
  -0.0012845944   0.0052909353  -0.0122806749   0.0020341696   0.0801731048  -0.0946673790  -0.0111655820  -0.0147832194  -0.0000933387   0.0087817403   0.0005132137  -0.0024941965  -0.0012211422   0.0041225777   0.0280880877   0.2258892721  -0.0954361356   0.0481084601  -0.0005166285   0.0002907527   0.0001575977   0.0001265959   0.0005009000  -0.0002742833  -0.0000073357   0.0000363413  -0.0002936149   0.0000306710  -0.0007779511  -0.0002064856  -0.0093465829   0.0056606684   0.0163177183   0.0028632709  -0.0000200992  -0.0000632247   0.0000089428   0.0000206707   0.0000202301   0.0000378191  -0.0000095827   0.0000759815  -0.0000154115   0.0001041641   0.0000445552   0.0001121593   0.0000094710   0.0001314282   0.0002759619  -0.0042531923   0.0001848265   0.0000240781   0.0001136815   0.0000094797   0.0001748831  -0.0057972504   0.0001163574  -0.0003046744  -0.0001270886   0.0000636275  -0.0002648621   0.0000613804  -0.0000535648   0.0002648744  -0.0000428787  -0.0001881736   0.0002810124  -0.0006628199   0.0059021647   0.0000716627  -0.0076464145   0.0117955173
  -0.0001304816  -0.0000652737  -0.0004343335   0.0010250386  -0.0001318942  -0.0000352086  -0.0007833942  -0.0002792860  -0.0000742462   0.0009445540  -0.0046834277  -0.0021589264   0.0227122408  -0.0124847541   0.0005823443  -0.0020946939  -0.0002104358  -0.0005166285   0.8186567928   0.0615896215   0.0407545534  -0.0052002970   0.1349613876   0.0272354933  -0.0354118456   0.2367999496  -0.0150689260  -0.1396501208   0.0042533284  -0.0870578883   0.0151174167  -0.0101515821   0.0019979960  -0.0122260819   0.0341308197   0.0460422030  -0.0168778393   0.0402532225  -0.0996187761  -0.0408968908  -0.1084060833   0.3275105650  -0.0309602139   0.0030535200   0.0171709800   0.1424574029   0.0000388740   0.0733704772  -0.0043713073   0.0106792535  -0.0003147638  -0.0054107702   0.1332375907  -0.1937610359   0.0040683735   0.0023861093   0.0857239280   0.0161012902   0.0000178159  -0.0143084339  -0.0409826649  -0.0576710023  -0.1584657571  -0.0599368111  -0.1298471695  -0.2661452481  -0.0539358310  -0.0194559048  -0.0029442438  -0.0020322380  -0.0019322382  -0.0046393534
   0.0012860850   0.0006433663   0.0042809843  -0.0101032365   0.0013000081   0.0003470311  -0.0000806066   0.0002903410   0.0003662688  -0.0006284157   0.0005988603   0.0023710002  -0.0026864212   0.0170670099  -0.0004717624   0.0010436161   0.0000504529   0.0002907527   0.0615896215   0.9723069254  -0.0155781820   0.0028038160  -0.0559479236   0.0068889662   0.0525351969  -0.0787988456  -0.0045653412   0.0353476823  -0.0005714758   0.0371000357  -0.0067732258   0.0032968332  -0.0009356172   0.0046183489  -0.0053308110  -0.0123199000   0.0142709977  -0.0142613115   0.0599877691   0.1054538777   0.0815776083   0.0135135355  -0.0120076455   0.0039246797  -0.0101675432  -0.0213225277  -0.0005465574  -0.0269433005   0.0010992852   0.0001580161   0.0001088295   0.0018707729  -0.0460668760   0.0669928476  -0.0014066395  -0.0008249969   0.0814971983   0.0440770614   0.0021570294  -0.0111145751   0.0374394459  -0.1672343589  -0.3941361554  -0.0952462909   0.0561681881   0.0704587096   0.0012739264   0.0083665687   0.0062536124   0.0049468765   0.0005881153   0.0014677117
   0.0005041682   0.0002522110   0.0016782218  -0.0039606480   0.0005096263   0.0001360424   0.0000392779   0.0001361884   0.0001469045  -0.0003252165   0.0006486764   0.0011012448  -0.0030623683   0.0076534090  -0.0002327965   0.0005871938   0.0000381625   0.0001575977   0.0407545534  -0.0155781820   0.9905561604   0.0012259941  -0.0339080166  -0.0006535128   0.0204441177  -0.0516920622  -0.0033218237   0.0198351976  -0.0021326427   0.0203655568  -0.0039140057   0.0020633569  -0.0005623377   0.0026638062  -0.0053163026  -0.0085806207   0.0065464161  -0.0093938749   0.0306002105   0.0370972938   0.0384668276  -0.0336980909   0.0004606290  -0.0040718902  -0.0038387340  -0.0095698255  -0.0002282657  -0.0156542441   0.0007461571  -0.0009222666   0.0000060892   0.0001046726  -0.0025775109   0.0037483504  -0.0000787036  -0.0000461598   0.1815801712   0.0815403800   0.0035662653  -0.0262053347   0.0391592861  -0.3074921099  -0.7371113641  -0.1900478844   0.0210994570  -0.0304005220  -0.0276030214   0.0030798612   0.0086893446   0.0070370906  -0.0000944494  -0.0001350511
  -0.0004351607  -0.0002176899  -0.0014485170   0.0034185386  -0.0004398717  -0.0001174217   0.0003928525   0.0000171406  -0.0001068033  -0.0001941546   0.0019322949   0.0000837248  -0.0094545265  -0.0008085688  -0.0000872179   0.0005653909   0.0000777520   0.0001265959  -0.0052002970   0.0028038160   0.0012259941   0.9999552988   0.0065736611  -0.0033772985  -0.0096759083   0.0046280094   0.0064945694   0.0092014293   0.0007827508  -0.0043186205   0.0009127907  -0.0000719484   0.0001792413  -0.0002765402  -0.0009270937  -0.0003598012  -0.0024846976   0.0014631817  -0.0086261142  -0.0204863481  -0.0129956980  -0.0198637874   0.0034470181   0.0053164783  -0.0003651601  -0.0202713455  -0.0002190252   0.0027571849   0.0000920348  -0.0008671497  -0.0004285187  -0.0073662095   0.1813893353  -0.2637858078   0.0055386739   0.0032484434   0.0471670597  -0.0091417521  -0.0013292403  -0.0094297472  -0.0703534138   0.0386005729   0.0651552577  -0.0090364353  -0.1838274180  -0.3488389289  -0.0625570636  -0.0275131681  -0.0072841961  -0.0054222741  -0.0025805166  -0.0062306949
   0.0008973622   0.0004489070   0.0029870447  -0.0070495047   0.0009070770   0.0002421400   0.0004280445   0.0003554311   0.0002782523  -0.0009773510   0.0032460234   0.0028280281  -0.0156031452   0.0184873121  -0.0006561688   0.0019449447   0.0001608173   0.0005009000   0.1349613876  -0.0559479236  -0.0339080166   0.0065736611   0.8885435799  -0.0036686728   0.0782267698  -0.1879472135   0.0218739279   0.1434114277  -0.0092508904   0.0496877904  -0.0115046946   0.0078507535  -0.0012543453   0.0091904888  -0.0202270974  -0.0346304130   0.0224822669  -0.0302056823   0.1069898881   0.1473078371   0.1373932298  -0.1037129041  -0.0070012307   0.0326429112  -0.0269688752  -0.1614460230  -0.0066896137  -0.0331944631   0.0032041130  -0.0043806328  -0.0005773435  -0.0099244977   0.2443859413  -0.3553987495   0.0074622581   0.0043766295   0.0694935714  -0.0096609165  -0.0016751636  -0.0135639441  -0.0935423484   0.0419934639   0.0637678841  -0.0183787202  -0.2470676790  -0.4711442921  -0.0852126264  -0.0369807876  -0.0095339140  -0.0070783822  -0.0034810086  -0.0084019123
  -0.0000672718  -0.0000336528  -0.0002239272   0.0005284741  -0.0000680001  -0.0000181523  -0.0004167730  -0.0001480559  -0.0000388823   0.0005013134  -0.0024898425  -0.0011442873   0.0120748287  -0.0066117041   0.0003089347  -0.0011123176  -0.0001118348  -0.0002742833   0.0272354933   0.0068889662  -0.0006535128  -0.0033772985  -0.0036686728   0.9682620656  -0.0752468884  -0.0276788126  -0.0094309956  -0.0223118079  -0.0087515661  -0.0026194086   0.0002746968   0.0005991008  -0.0001946719  -0.0003131411  -0.0139758755  -0.0073251412  -0.0133469470  -0.0060675699  -0.0359049091  -0.1777786761  -0.0706362009  -0.2814560083   0.0525995628  -0.0505272241   0.0174036832   0.0429837032   0.0028033343  -0.0064033597   0.0005453708  -0.0067716067  -0.0001777820  -0.0030560606   0.0752540103  -0.1094382967   0.0022978607   0.0013476999   0.0598912873   0.0142193435   0.0002333863  -0.0097397376  -0.0207451251  -0.0518967053  -0.1358494055  -0.0458254198  -0.0721752038  -0.1525475854  -0.0322572306  -0.0108196234  -0.0011224224  -0.0007096631  -0.0010996032  -0.0026344321
   0.0002780877   0.0001391138   0.0009256690  -0.0021846034   0.0002810983   0.0000750379  -0.0001315099   0.0000267748   0.0000738528  -0.0000089417  -0.0005367233   0.0002362031   0.0026531017   0.0021406287  -0.0000249795  -0.0000609662  -0.0000186807  -0.0000073357  -0.0354118456   0.0525351969   0.0204441177  -0.0096759083   0.0782267698  -0.0752468884   0.7689473167   0.0671107443   0.0014313514  -0.0780503397   0.0122987415  -0.0039051176   0.0079817746  -0.0021574871   0.0005934944  -0.0037777867  -0.0218986127   0.0004776616  -0.0483655463   0.0100719592  -0.1628170767  -0.5136778069  -0.2676199186  -0.5836077209   0.1210504723  -0.0876972195   0.0457885381   0.0704582428   0.0160772532  -0.0275864795   0.0003467425  -0.0161641835  -0.0000286228  -0.0004920235   0.0121158402  -0.0176194851   0.0003699539   0.0002169787   0.0135715414   0.0040444107   0.0001140520  -0.0021359332  -0.0025172776  -0.0149726472  -0.0377428829  -0.0114778191  -0.0112215917  -0.0253223109  -0.0058076407  -0.0016839820   0.0000043906   0.0000357944  -0.0001798620  -0.0004289619
  -0.0013751862  -0.0006879393  -0.0045775748   0.0108031979  -0.0013900739  -0.0003710738   0.0006504425  -0.0001323720  -0.0003652086   0.0000440999   0.0026547983  -0.0011678035  -0.0131230001  -0.0105842956   0.0001234559   0.0003017537   0.0000924066   0.0000363413   0.2367999496  -0.0787988456  -0.0516920622   0.0046280094  -0.1879472135  -0.0276788126   0.0671107443   0.6709704290  -0.0103996636   0.1474221837  -0.0746045432  -0.0190710124  -0.0140995491   0.0099016178  -0.0016740051   0.0075933198  -0.0392816359  -0.0534127688   0.0262918636  -0.0558977142   0.1456547114   0.0897965266   0.1715140533  -0.3931572997   0.0375646200  -0.0414754996  -0.0163919230  -0.0871613666  -0.0240694517   0.0351681488   0.0036710932  -0.0075062930   0.0000801737   0.0013781817  -0.0339370555   0.0493530316  -0.0010362587  -0.0006077678  -0.0234910989  -0.0048410292  -0.0000367764   0.0038838841   0.0100919348   0.0174789240   0.0470533783   0.0169948715   0.0329054664   0.0681114012   0.0139969737   0.0049311927   0.0006719029   0.0004543803   0.0004933536   0.0011837255
   0.0004784952   0.0002393680   0.0015927642  -0.0037589658   0.0004836753   0.0001291149  -0.0006828895  -0.0000980393   0.0001056835   0.0004926876  -0.0035900299  -0.0007001557   0.0175090532  -0.0025195019   0.0002653251  -0.0012521156  -0.0001505770  -0.0002936149  -0.0150689260  -0.0045653412  -0.0033218237   0.0064945694   0.0218739279  -0.0094309956   0.0014313514  -0.0103996636   1.0959040899   0.1962780158   0.0315711554   0.0188807346   0.0021495063   0.0034156534   0.0011893105   0.0042034979  -0.0077718121  -0.0154447512  -0.0037965770   0.0074236816  -0.0093018467   0.0138161085  -0.0117270856  -0.0023400397  -0.0160620464   0.1295942869  -0.0349206643  -0.3583979936  -0.0013407858  -0.0182667784   0.0025701417  -0.0066279783   0.0000436288   0.0007499763  -0.0184678031   0.0268568401  -0.0005639093  -0.0003307340  -0.0097854161  -0.0012952214   0.0000383396   0.0016802562   0.0061195156   0.0044625827   0.0134955436   0.0061199345   0.0182105416   0.0364831222   0.0071481689   0.0027276783   0.0005068675   0.0003617529   0.0002663154   0.0006404796
   0.0009267328   0.0004635997   0.0030848106  -0.0072802347   0.0009367656   0.0002500652  -0.0003486952   0.0001174950   0.0002503122  -0.0001294580  -0.0012655994   0.0010042101   0.0063025282   0.0083503816  -0.0001437197   0.0000218573  -0.0000390229   0.0000306710  -0.1396501208   0.0353476823   0.0198351976   0.0092014293   0.1434114277  -0.0223118079  -0.0780503397   0.1474221837   0.1962780158   1.3006885951   0.1236530531   0.0996449172   0.0093030597   0.0030032371   0.0026658247   0.0073448099  -0.0032637146  -0.0078143207  -0.0293517250   0.0418999493  -0.1182471022  -0.1230682283  -0.1594411978   0.0494236191  -0.0233606556   0.2597684537  -0.0519878667  -0.6579702839   0.0213797952  -0.1106148970   0.0040881474  -0.0146954501   0.0000252344   0.0004337773  -0.0106815544   0.0155336721  -0.0003261584  -0.0001912925   0.0082832412   0.0054791415   0.0002935661  -0.0010432419   0.0064588399  -0.0209015159  -0.0485159728  -0.0110096786   0.0119471224   0.0183963864   0.0019546476   0.0017833699   0.0009500227   0.0007417092   0.0001440025   0.0003533401
  -0.0007328641  -0.0003666165  -0.0024394806   0.0057572390  -0.0007407980  -0.0001977526  -0.0009489860  -0.0004794557  -0.0002553278   0.0014651618  -0.0061514404  -0.0037622764   0.0297350413  -0.0232410629   0.0009406132  -0.0030944129  -0.0002868110  -0.0007779511   0.0042533284  -0.0005714758  -0.0021326427   0.0007827508  -0.0092508904  -0.0087515661   0.0122987415  -0.0746045432   0.0315711554   0.1236530531   0.8828465813  -0.2579154719   0.0136142468  -0.0028710990   0.0030234820  -0.0129642665  -0.0046397034  -0.0069580229  -0.0004010400  -0.0037823618   0.0107279572   0.0108806000   0.0229376208  -0.0720317317   0.0028333596   0.0310230734  -0.0159152250  -0.1463870070  -0.0506839617   0.2512108986  -0.0012216854   0.0032084397   0.0000414924   0.0007132525  -0.0175634976   0.0255417518  -0.0005362966  -0.0003145390  -0.0023701007   0.0018665527   0.0001714697   0.0005955473   0.0072721557  -0.0074377136  -0.0151833216  -0.0014175410   0.0180224301   0.0333510196   0.0057137898   0.0026964485   0.0008088110   0.0006089271   0.0002482847   0.0006006081
   0.0035440089   0.0017728966   0.0117969233  -0.0278410518   0.0035823762   0.0009562987  -0.0018596089   0.0002832716   0.0009325936   0.0000903615  -0.0079124247   0.0025652230   0.0390169672   0.0247862393  -0.0001943622  -0.0012383058  -0.0002856981  -0.0002064856  -0.0870578883   0.0371000357   0.0203655568  -0.0043186205   0.0496877904  -0.0026194086  -0.0039051176  -0.0190710124   0.0188807346   0.0996449172  -0.2579154719   0.3981974952   0.0366411598  -0.0132138660   0.0070388478  -0.0361054670   0.0114509635   0.0172684075  -0.0106809549   0.0117311911  -0.0356378110  -0.0268580144  -0.0180729180   0.0063065612   0.0004635054   0.0101732184  -0.0077948053  -0.0795857751  -0.1059447919   0.5784478941  -0.0060593994   0.0147814713  -0.0000056007  -0.0000962760   0.0023707507  -0.0034476690   0.0000723902   0.0000424570   0.0064919697   0.0025050777   0.0000969894  -0.0009723896   0.0003106953  -0.0093909248  -0.0228820154  -0.0062491235  -0.0018066116  -0.0056991848  -0.0017361586  -0.0002729094   0.0001815913   0.0001535131  -0.0000379543  -0.0000886431
  -0.0216111863  -0.0108110333  -0.0719370388   0.1697733189  -0.0218451481  -0.0058314608  -0.0058942017  -0.0071666194  -0.0064943357   0.0186255739  -0.0523945613  -0.0574091553   0.2506302797  -0.3852623267   0.0128218564  -0.0357490234  -0.0027279627  -0.0093465829   0.0151174167  -0.0067732258  -0.0039140057   0.0009127907  -0.0115046946   0.0002746968   0.0079817746  -0.0140995491   0.0021495063   0.0093030597   0.0136142468   0.0366411598   0.9971100220   0.0013871030  -0.0004624739   0.0027506135  -0.0021324972  -0.0038421786   0.0026095007  -0.0029176586   0.0112310851   0.0168446852   0.0133686079  -0.0039945218  -0.0017197412   0.0046406206  -0.0025419736  -0.0142464870   0.0050642885  -0.0338656876   0.0006112690  -0.0011177611   0.0000047709   0.0000820109  -0.0020194796   0.0029368324  -0.0000616643  -0.0000361662   0.0007035581   0.0006506283   0.0000387145  -0.0000725882   0.0010405351  -0.0024990943  -0.0056885823  -0.0011815158   0.0021712607   0.0036453912   0.0005043869   0.0003244430   0.0001389815   0.0001072912   0.0000278460   0.0000678614
  -0.0053972707  -0.0026999940  -0.0179658657   0.0423999194  -0.0054557013  -0.0014563741   0.0115194860   0.0023104493  -0.0010132594  -0.0098042847   0.0627834423   0.0171473249  -0.3056936047   0.0802677116  -0.0055698816   0.0237128902   0.0026884345   0.0056606684  -0.0101515821   0.0032968332   0.0020633569  -0.0000719484   0.0078507535   0.0005991008  -0.0021574871   0.0099016178   0.0034156534   0.0030032371  -0.0028710990  -0.0132138660   0.0013871030   0.9994583344   0.0002545123  -0.0009906454   0.0013396729   0.0017190992  -0.0011958643   0.0022914856  -0.0057745911  -0.0030134914  -0.0062279299   0.0130059882  -0.0016837526   0.0051659406  -0.0006260147  -0.0089192391  -0.0017881004   0.0121618485  -0.0001931089   0.0004190109   0.0000111047   0.0001908885  -0.0047005378   0.0068357666  -0.0001435296  -0.0000841804  -0.0030353503  -0.0005729858  -0.0000008439   0.0005063916   0.0014435258   0.0020532311   0.0056352656   0.0021260784   0.0045798035   0.0093915823   0.0019045517   0.0006862287   0.0001033498   0.0000712735   0.0000681761   0.0001636870
   0.0242549033   0.0121335574   0.0807371655  -0.1905418514   0.0245174860   0.0065448290   0.0160851912   0.0110321395   0.0077324688  -0.0314414430   0.1141071784   0.0873824598  -0.5497464996   0.5610373055  -0.0207846101   0.0639153206   0.0055179805   0.0163177183   0.0019979960  -0.0009356172  -0.0005623377   0.0001792413  -0.0012543453  -0.0001946719   0.0005934944  -0.0016740051   0.0011893105   0.0026658247   0.0030234820   0.0070388478  -0.0004624739   0.0002545123   0.9999289948   0.0005164173  -0.0004313896  -0.0007042556   0.0002366362  -0.0003138859   0.0011375198   0.0013847677   0.0011166281  -0.0016468893  -0.0001546367   0.0017133609  -0.0005626085  -0.0050455950   0.0010491191  -0.0066564974   0.0001264688  -0.0002943117   0.0000080683   0.0001386927  -0.0034152411   0.0049666213  -0.0001042835  -0.0000611625  -0.0014067792  -0.0000595810   0.0000149310   0.0002525104   0.0012160239   0.0001468180   0.0008685147   0.0007114049   0.0034085288   0.0066686531   0.0012589306   0.0005103715   0.0001127122   0.0000822827   0.0000489598   0.0001179493
  -0.0623475344  -0.0311894620  -0.2075359005   0.4897902281  -0.0630225065  -0.0168235653   0.0314648441  -0.0053779637  -0.0164651041  -0.0001986725   0.1318979771  -0.0481579633  -0.6509631756  -0.4530308412   0.0042633727   0.0186439014   0.0047018605   0.0028632709  -0.0122260819   0.0046183489   0.0026638062  -0.0002765402   0.0091904888  -0.0003131411  -0.0037777867   0.0075933198   0.0042034979   0.0073448099  -0.0129642665  -0.0361054670   0.0027506135  -0.0009906454   0.0005164173   0.9976673189   0.0013274608   0.0020100405  -0.0018344513   0.0024669731  -0.0075381222  -0.0076729648  -0.0080288334   0.0058790358  -0.0004451431   0.0047327256  -0.0006956380  -0.0123935505  -0.0058197917   0.0340149178  -0.0003922284   0.0007871104  -0.0000036425  -0.0000626143   0.0015418458  -0.0022422324   0.0000470798   0.0000276124   0.0040716040   0.0015619679   0.0000601483  -0.0006106507   0.0001705474  -0.0058539864  -0.0142735548  -0.0039071199  -0.0011902204  -0.0036773296  -0.0011055991  -0.0001797107   0.0001110088   0.0000940906  -0.0000245757  -0.0000574654
   0.0004294340   0.0002148251   0.0014294547  -0.0033735510   0.0004340831   0.0001158765   0.0000781443  -0.0000386019  -0.0000704755   0.0000569166   0.0002420645  -0.0003247723  -0.0012192444  -0.0025771061   0.0000526551  -0.0000533211   0.0000059723  -0.0000200992   0.0341308197  -0.0053308110  -0.0053163026  -0.0009270937  -0.0202270974  -0.0139758755  -0.0218986127  -0.0392816359  -0.0077718121  -0.0032637146  -0.0046397034   0.0114509635  -0.0021324972   0.0013396729  -0.0004313896   0.0013274608   1.0042976980   0.0063233438  -0.0044842513   0.0073796321  -0.0217058598  -0.0209121557  -0.0263320871   0.0351147760  -0.0025867505   0.0077183337   0.0014449065  -0.0024615268  -0.0001118327   0.0122849187  -0.0005259769   0.0008034425   0.0001508121   0.0025924511  -0.0638378512   0.0928363242  -0.0019492714  -0.0011432516   0.2230719271  -0.0795825277  -0.0484364725   0.0032738995  -0.1916924635  -0.0009738410   0.1092197125  -0.2849486666  -0.0589560533   0.0339237730  -0.0566520863   0.0330591391  -0.0182748919   0.0083723296  -0.0028140946   0.0086031245
   0.0013508398   0.0006757600   0.0044965333  -0.0106119378   0.0013654640   0.0003645043   0.0002458129  -0.0001214273  -0.0002216898   0.0001790385   0.0007614451  -0.0010216130  -0.0038352900  -0.0081066182   0.0001656334  -0.0001677285   0.0000187865  -0.0000632247   0.0460422030  -0.0123199000  -0.0085806207  -0.0003598012  -0.0346304130  -0.0073251412   0.0004776616  -0.0534127688  -0.0154447512  -0.0078143207  -0.0069580229   0.0172684075  -0.0038421786   0.0017190992  -0.0007042556   0.0020100405   0.0063233438   1.0096620737  -0.0075825089   0.0116436818  -0.0357450366  -0.0385557646  -0.0442208866   0.0473439128  -0.0026981188   0.0121881534   0.0024530268  -0.0065088250   0.0000078071   0.0185463481  -0.0007863161   0.0009841224   0.0000135765   0.0002333787  -0.0057468369   0.0083573492  -0.0001754781  -0.0001029183   0.4172757731  -0.1548916023  -0.0950486573   0.0106033522  -0.3531167175  -0.0103473477   0.2096903704  -0.5640628638  -0.0439482152   0.2149825252  -0.1070356876   0.0324453697  -0.0311828226   0.0177827754  -0.0040836721   0.0170358444
