 
 ******** matrix  D *************
 
   0.999874  -0.000120   0.000033  -0.000269  -0.000053   0.000098   0.000633  -0.000531  -0.000358   0.010107   0.000773  -0.001187   0.000039   0.000095  -0.000320  -0.000022   0.000010  -0.000133  -0.000831  -0.000457   0.002748  -0.000570   0.002811   0.009312   0.001625  -0.000512  -0.000605  -0.000079  -0.000372  -0.000031  -0.000573   0.018988  -0.000491  -0.000249  -0.000123  -0.000726   0.000359  -0.000016   0.000079   0.000333  -0.000124   0.001067  -0.000059   0.013987  -0.006778  -0.023184   0.002033  -0.000111  -0.000348   0.000049   0.000114   0.000111   0.000208  -0.000053   0.000418  -0.000085   0.000573   0.000245   0.000617   0.000052   0.000723   0.001517  -0.023386   0.000000   0.000000   0.000000   0.000000   0.000000   0.000000   0.000000   0.000000   0.000000   0.000000   0.000000   0.000000   0.000442   0.000336   0.000691   0.001421  -0.000991  -0.000167   0.000825  -0.001336  -0.000350  -0.002538  -0.002546  -0.024077   0.023841   0.048784   0.041920  -0.000270  -0.000849   0.000120   0.000278   0.000272   0.000508  -0.000129   0.001021  -0.000207   0.001399   0.000599   0.001507   0.000127   0.001766   0.003707  -0.057138
  -0.000120   0.999880   0.000027  -0.000208  -0.000043   0.000077   0.000519  -0.000431  -0.000254   0.008635   0.000497  -0.002360   0.000053   0.000130  -0.000434  -0.000030   0.000013  -0.000181  -0.001129  -0.000620   0.003731  -0.000774   0.003816   0.012642   0.002207  -0.000695  -0.000191  -0.000025  -0.000118  -0.000010  -0.000181   0.005993   0.000045  -0.000000  -0.000106  -0.000090   0.000103   0.000038  -0.000189   0.000180   0.000105   0.000223   0.000532   0.001058  -0.002977  -0.003551  -0.009040   0.000055   0.000172  -0.000024  -0.000056  -0.000055  -0.000103   0.000026  -0.000206   0.000042  -0.000283  -0.000121  -0.000305  -0.000026  -0.000357  -0.000750   0.011552   0.000000   0.000000   0.000000   0.000000   0.000000   0.000000   0.000000   0.000000   0.000000   0.000000   0.000000   0.000000  -0.002091  -0.001422  -0.002396  -0.005571   0.003684   0.000516  -0.002555   0.004765   0.000961   0.009639   0.008141   0.096685  -0.086158  -0.188918  -0.132598   0.000537   0.001689  -0.000239  -0.000552  -0.000541  -0.001011   0.000256  -0.002030   0.000412  -0.002783  -0.001191  -0.002997  -0.000253  -0.003512  -0.007374   0.113652
   0.000033   0.000027   0.999988   0.000103   0.000019  -0.000037  -0.000223   0.000190   0.000155  -0.003301  -0.000370  -0.000573   0.000001   0.000003  -0.000010  -0.000001   0.000000  -0.000004  -0.000027  -0.000015   0.000089  -0.000018   0.000091   0.000301   0.000052  -0.000017  -0.000028  -0.000004  -0.000017  -0.000001  -0.000027   0.000890   0.000211   0.000080  -0.000085   0.000129   0.000005   0.000050  -0.000247   0.000103   0.000163  -0.000083   0.000642  -0.003277  -0.001300   0.003328  -0.011251   0.000100   0.000314  -0.000044  -0.000103  -0.000100  -0.000188   0.000048  -0.000377   0.000076  -0.000517  -0.000221  -0.000556  -0.000047  -0.000652  -0.001368   0.021091   0.000000   0.000000   0.000000   0.000000   0.000000   0.000000   0.000000   0.000000   0.000000   0.000000   0.000000   0.000000  -0.010101  -0.006142  -0.007840  -0.021961   0.013492   0.001329  -0.006575   0.016348   0.001671   0.036394   0.022592   0.392949  -0.301930  -0.732641  -0.358945  -0.000572  -0.001801   0.000255   0.000589   0.000576   0.001077  -0.000273   0.002164  -0.000439   0.002967   0.001269   0.003195   0.000270   0.003743   0.007860  -0.121142
  -0.000269  -0.000208   0.000103   0.999061  -0.000173   0.000335   0.001993  -0.001707  -0.001439   0.029036   0.003499   0.007080  -0.000041  -0.000100   0.000335   0.000024  -0.000010   0.000139   0.000871   0.000479  -0.002880   0.000597  -0.002946  -0.009758  -0.001703   0.000537   0.000674   0.000088   0.000414   0.000035   0.000637  -0.021128   0.000093   0.000099   0.000290   0.000491  -0.000375  -0.000080   0.000397  -0.000540  -0.000189  -0.000928  -0.001185  -0.007931   0.009448   0.017232   0.019756  -0.000080  -0.000253   0.000036   0.000083   0.000081   0.000151  -0.000038   0.000304  -0.000062   0.000417   0.000178   0.000449   0.000038   0.000526   0.001105  -0.017033   0.000000   0.000000   0.000000   0.000000   0.000000   0.000000   0.000000   0.000000   0.000000   0.000000   0.000000   0.000000  -0.003611  -0.001219   0.002234  -0.001178  -0.000977  -0.001097   0.005424  -0.003152  -0.003407  -0.000698  -0.014486   0.040606   0.046123  -0.019345   0.251390  -0.004476  -0.014080   0.001992   0.004603   0.004505   0.008422  -0.002134   0.016921  -0.003432   0.023197   0.009922   0.024977   0.002109   0.029268   0.061455  -0.947155
  -0.000053  -0.000043   0.000019  -0.000173   0.999968   0.000062   0.000372  -0.000318  -0.000261   0.005495   0.000626   0.001045  -0.000003  -0.000008   0.000028   0.000002  -0.000001   0.000012   0.000073   0.000040  -0.000242   0.000050  -0.000248  -0.000820  -0.000143   0.000045  -0.003535  -0.000461  -0.002174  -0.000181  -0.003345   0.110886  -0.002193  -0.001187  -0.000946  -0.003766   0.002058   0.000053  -0.000260   0.002198  -0.000238   0.005843   0.001517   0.070313  -0.042419  -0.122636  -0.020923  -0.000342  -0.001077   0.000152   0.000352   0.000345   0.000644  -0.000163   0.001294  -0.000262   0.001774   0.000759   0.001910   0.000161   0.002238   0.004700  -0.072441   0.000000   0.000000   0.000000   0.000000   0.000000   0.000000   0.000000   0.000000   0.000000   0.000000   0.000000   0.000000  -0.000613  -0.000368  -0.000452  -0.001302   0.000792   0.000073  -0.000362   0.000950   0.000082   0.002144   0.001264   0.023381  -0.017599  -0.043326  -0.019989  -0.000055  -0.000173   0.000024   0.000057   0.000055   0.000104  -0.000026   0.000208  -0.000042   0.000285   0.000122   0.000307   0.000026   0.000360   0.000755  -0.011644
   0.000098   0.000077  -0.000037   0.000335   0.000062   0.999881  -0.000713   0.000611   0.000510  -0.010433  -0.001237  -0.002374   0.000012   0.000030  -0.000100  -0.000007   0.000003  -0.000042  -0.000260  -0.000143   0.000860  -0.000178   0.000880   0.002915   0.000509  -0.000160  -0.001467  -0.000191  -0.000902  -0.000075  -0.001388   0.046017   0.000432   0.000034  -0.000847  -0.000626   0.000784   0.000312  -0.001543   0.001412   0.000868   0.001660   0.004329   0.006622  -0.023237  -0.025576  -0.073759   0.000459   0.001445  -0.000204  -0.000472  -0.000462  -0.000864   0.000219  -0.001736   0.000352  -0.002380  -0.001018  -0.002563  -0.000216  -0.003003  -0.006306   0.097192   0.000000   0.000000   0.000000   0.000000   0.000000   0.000000   0.000000   0.000000   0.000000   0.000000   0.000000   0.000000  -0.000014   0.000009   0.000081   0.000091  -0.000087  -0.000027   0.000132  -0.000141  -0.000070  -0.000198  -0.000378  -0.001269   0.002378   0.003389   0.006392  -0.000078  -0.000246   0.000035   0.000080   0.000079   0.000147  -0.000037   0.000296  -0.000060   0.000406   0.000174   0.000437   0.000037   0.000512   0.001075  -0.016563
   0.000633   0.000519  -0.000223   0.001993   0.000372  -0.000713   0.995687   0.003680   0.002988  -0.063944  -0.007139  -0.010940   0.000022   0.000054  -0.000182  -0.000013   0.000005  -0.000076  -0.000473  -0.000260   0.001564  -0.000324   0.001600   0.005299   0.000925  -0.000291   0.017161   0.002236   0.010555   0.000880   0.016238  -0.538271   0.010784   0.005816   0.004544   0.018378  -0.009999  -0.000225   0.001115  -0.010620   0.001258  -0.028443  -0.006981  -0.343664   0.205328   0.597939   0.094800   0.001724   0.005424  -0.000767  -0.001773  -0.001735  -0.003244   0.000822  -0.006518   0.001322  -0.008936  -0.003822  -0.009622  -0.000812  -0.011275  -0.023674   0.364873   0.000000   0.000000   0.000000   0.000000   0.000000   0.000000   0.000000   0.000000   0.000000   0.000000   0.000000   0.000000   0.000057   0.000018  -0.000043   0.000009   0.000024   0.000020  -0.000098   0.000063   0.000060   0.000031   0.000263  -0.000498  -0.000959  -0.000050  -0.004553   0.000077   0.000243  -0.000034  -0.000080  -0.000078  -0.000146   0.000037  -0.000293   0.000059  -0.000401  -0.000172  -0.000432  -0.000036  -0.000506  -0.001063   0.016377
  -0.000531  -0.000431   0.000190  -0.001707  -0.000318   0.000611   0.003680   0.996858  -0.002571   0.054362   0.006166   0.010093  -0.000031  -0.000074   0.000249   0.000018  -0.000008   0.000104   0.000648   0.000356  -0.002143   0.000445  -0.002192  -0.007261  -0.001267   0.000399  -0.008224  -0.001071  -0.005058  -0.000422  -0.007781   0.257942   0.004812   0.001125  -0.005554  -0.001843   0.004270   0.002266  -0.011205   0.008802   0.006589   0.007943   0.030847  -0.003016  -0.140277  -0.098318  -0.529241   0.003645   0.011464  -0.001622  -0.003748  -0.003668  -0.006858   0.001738  -0.013778   0.002795  -0.018888  -0.008079  -0.020338  -0.001717  -0.023832  -0.050040   0.771228   0.000000   0.000000   0.000000   0.000000   0.000000   0.000000   0.000000   0.000000   0.000000   0.000000   0.000000   0.000000   0.000161   0.000129   0.000286   0.000563  -0.000400  -0.000071   0.000353  -0.000548  -0.000154  -0.001018  -0.001079  -0.009457   0.009727   0.019426   0.017820  -0.000127  -0.000399   0.000056   0.000130   0.000128   0.000239  -0.000060   0.000479  -0.000097   0.000657   0.000281   0.000708   0.000060   0.000829   0.001741  -0.026832
  -0.000358  -0.000254   0.000155  -0.001439  -0.000261   0.000510   0.002988  -0.002571   0.997738   0.042571   0.005606   0.014285  -0.000118  -0.000286   0.000958   0.000067  -0.000029   0.000399   0.002491   0.001368  -0.008234   0.001708  -0.008423  -0.027901  -0.004870   0.001534   0.000409   0.000053   0.000251   0.000021   0.000387  -0.012821  -0.000001   0.000037   0.000195   0.000258  -0.000225  -0.000061   0.000302  -0.000349  -0.000156  -0.000530  -0.000877  -0.003852   0.005973   0.009378   0.014761  -0.000074  -0.000234   0.000033   0.000077   0.000075   0.000140  -0.000036   0.000282  -0.000057   0.000386   0.000165   0.000416   0.000035   0.000487   0.001022  -0.015758   0.000000   0.000000   0.000000   0.000000   0.000000   0.000000   0.000000   0.000000   0.000000   0.000000   0.000000   0.000000   0.000107   0.000049  -0.000001   0.000122  -0.000047   0.000012  -0.000060  -0.000024   0.000049  -0.000158   0.000136  -0.002504   0.000639   0.003732  -0.002507   0.000077   0.000242  -0.000034  -0.000079  -0.000078  -0.000145   0.000037  -0.000291   0.000059  -0.000399  -0.000171  -0.000430  -0.000036  -0.000504  -0.001058   0.016306
   0.010107   0.008635  -0.003301   0.029036   0.005495  -0.010433  -0.063944   0.054362   0.042571   0.036482  -0.099937  -0.102140  -0.000584  -0.001419   0.004753   0.000334  -0.000144   0.001979   0.012361   0.006790  -0.040859   0.008476  -0.041795  -0.138449  -0.024164   0.007612  -0.001521  -0.000198  -0.000936  -0.000078  -0.001439   0.047707  -0.000446  -0.000316  -0.000575  -0.001273   0.000860   0.000130  -0.000644   0.001131   0.000256   0.002231   0.002023   0.021898  -0.020336  -0.043387  -0.033100   0.000075   0.000237  -0.000034  -0.000078  -0.000076  -0.000142   0.000036  -0.000285   0.000058  -0.000391  -0.000167  -0.000421  -0.000036  -0.000493  -0.001035   0.015957   0.000000   0.000000   0.000000   0.000000   0.000000   0.000000   0.000000   0.000000   0.000000   0.000000   0.000000   0.000000  -0.000065  -0.000012   0.000093   0.000049  -0.000078  -0.000036   0.000179  -0.000151  -0.000103  -0.000156  -0.000498  -0.000317   0.002447   0.002198   0.008512  -0.000125  -0.000395   0.000056   0.000129   0.000126   0.000236  -0.000060   0.000474  -0.000096   0.000650   0.000278   0.000700   0.000059   0.000820   0.001722  -0.026542
   0.000773   0.000497  -0.000370   0.003499   0.000626  -0.001237  -0.007139   0.006166   0.005606  -0.099937   0.985918  -0.041108   0.000387   0.000941  -0.003153  -0.000222   0.000095  -0.001313  -0.008201  -0.004505   0.027109  -0.005624   0.027730   0.091859   0.016033  -0.005051  -0.000157  -0.000020  -0.000097  -0.000008  -0.000149   0.004925  -0.000082  -0.000047  -0.000047  -0.000157   0.000091   0.000006  -0.000028   0.000103   0.000000   0.000251   0.000109   0.002869  -0.001947  -0.005162  -0.001661  -0.000008  -0.000027   0.000004   0.000009   0.000009   0.000016  -0.000004   0.000032  -0.000006   0.000044   0.000019   0.000047   0.000004   0.000055   0.000116  -0.001787   0.000000   0.000000   0.000000   0.000000   0.000000   0.000000   0.000000   0.000000   0.000000   0.000000   0.000000   0.000000  -0.000159  -0.000084  -0.000058  -0.000260   0.000138   0.000001  -0.000003   0.000141  -0.000025   0.000396   0.000064   0.004901  -0.002766  -0.008409  -0.000748  -0.000064  -0.000202   0.000029   0.000066   0.000065   0.000121  -0.000031   0.000243  -0.000049   0.000333   0.000142   0.000358   0.000030   0.000420   0.000882  -0.013593
  -0.001187  -0.002360  -0.000573   0.007080   0.001045  -0.002374  -0.010940   0.010093   0.014285  -0.102140  -0.041108   0.738666   0.003615   0.008784  -0.029430  -0.002068   0.000889  -0.012256  -0.076545  -0.042050   0.253014  -0.052485   0.258811   0.857337   0.149637  -0.047139  -0.000373  -0.000049  -0.000229  -0.000019  -0.000352   0.011685  -0.000087  -0.000069  -0.000148  -0.000296   0.000209   0.000037  -0.000181   0.000285   0.000079   0.000534   0.000557   0.004990  -0.005074  -0.010208  -0.009185   0.000028   0.000089  -0.000013  -0.000029  -0.000029  -0.000053   0.000014  -0.000107   0.000022  -0.000147  -0.000063  -0.000159  -0.000013  -0.000186  -0.000390   0.006015   0.000000   0.000000   0.000000   0.000000   0.000000   0.000000   0.000000   0.000000   0.000000   0.000000   0.000000   0.000000  -0.000001   0.000015   0.000079   0.000104  -0.000091  -0.000025   0.000123  -0.000141  -0.000063  -0.000214  -0.000356  -0.001548   0.002418   0.003782   0.005998  -0.000068  -0.000214   0.000030   0.000070   0.000068   0.000128  -0.000032   0.000257  -0.000052   0.000352   0.000151   0.000379   0.000032   0.000444   0.000933  -0.014376
   0.000039   0.000053   0.000001  -0.000041  -0.000003   0.000012   0.000022  -0.000031  -0.000118  -0.000584   0.000387   0.003615   0.998714  -0.000490   0.001188   0.000132  -0.000375   0.000463   0.001670  -0.003296  -0.019312  -0.022010  -0.008036   0.006737   0.001044  -0.017449   0.001674   0.000218   0.001030   0.000086   0.001584  -0.052505   0.000361   0.000049  -0.000602  -0.000383   0.000533   0.000228  -0.001126   0.000991   0.000641   0.001099   0.003142   0.003442  -0.016181  -0.016285  -0.053644  -0.000115  -0.000360   0.000051   0.000118   0.000115   0.000215  -0.000055   0.000433  -0.000088   0.000593   0.000254   0.000639   0.000054   0.000749   0.001572  -0.024231   0.000257   0.000072   0.000152  -0.000044   0.000190   0.000165   0.000333   0.000125   0.000008  -0.000113   0.000543  -0.014668   0.003996   0.001566  -0.001352   0.002788  -0.000209   0.000864  -0.004272   0.001487   0.002879  -0.002277   0.011011  -0.067142  -0.016768   0.075355  -0.193701  -0.000267  -0.000839   0.000119   0.000274   0.000269   0.000502  -0.000127   0.001009  -0.000205   0.001383   0.000592   0.001489   0.000126   0.001745   0.003664  -0.056464
   0.000095   0.000130   0.000003  -0.000100  -0.000008   0.000030   0.000054  -0.000074  -0.000286  -0.001419   0.000941   0.008784  -0.000490   0.999756   0.000381   0.000022  -0.000134   0.000090   0.000378  -0.001072  -0.005041  -0.005603  -0.000881   0.002882   0.001792  -0.014148   0.001024   0.000133   0.000630   0.000053   0.000969  -0.032115  -0.000033  -0.000070  -0.000282  -0.000411   0.000339   0.000084  -0.000418   0.000512   0.000209   0.000817   0.001223   0.006367  -0.008833  -0.014743  -0.020516  -0.000032  -0.000101   0.000014   0.000033   0.000032   0.000061  -0.000015   0.000122  -0.000025   0.000167   0.000071   0.000180   0.000015   0.000210   0.000442  -0.006807   0.000217   0.000061   0.000128  -0.000037   0.000161   0.000139   0.000282   0.000106   0.000007  -0.000095   0.000460  -0.012420   0.017025   0.006674  -0.005760   0.011879  -0.000891   0.003681  -0.018204   0.006334   0.012268  -0.009701   0.046914  -0.286080  -0.071447   0.321076  -0.825330  -0.001137  -0.003576   0.000506   0.001169   0.001144   0.002139  -0.000542   0.004298  -0.000872   0.005892   0.002520   0.006344   0.000536   0.007434   0.015610  -0.240586
  -0.000320  -0.000434  -0.000010   0.000335   0.000028  -0.000100  -0.000182   0.000249   0.000958   0.004753  -0.003153  -0.029430   0.001188   0.000381   0.999085  -0.000116   0.000350  -0.000366  -0.001055   0.003493   0.016926   0.021970   0.006175  -0.012936  -0.001778   0.014891  -0.005323  -0.000693  -0.003274  -0.000273  -0.005036   0.166950  -0.001641  -0.000348   0.002080   0.000875  -0.001670  -0.000831   0.004107  -0.003333  -0.002394  -0.003215  -0.011350  -0.002665   0.053517   0.042487   0.194460   0.000438   0.001377  -0.000195  -0.000450  -0.000441  -0.000824   0.000209  -0.001655   0.000336  -0.002268  -0.000970  -0.002442  -0.000206  -0.002862  -0.006010   0.092620   0.000594   0.000166   0.000351  -0.000102   0.000441   0.000381   0.000771   0.000289   0.000019  -0.000261   0.001259  -0.033976   0.001860   0.000729  -0.000629   0.001298  -0.000097   0.000402  -0.001989   0.000692   0.001340  -0.001060   0.005126  -0.031259  -0.007807   0.035083  -0.090182  -0.000124  -0.000391   0.000055   0.000128   0.000125   0.000234  -0.000059   0.000470  -0.000095   0.000644   0.000275   0.000693   0.000059   0.000812   0.001706  -0.026288
  -0.000022  -0.000030  -0.000001   0.000024   0.000002  -0.000007  -0.000013   0.000018   0.000067   0.000334  -0.000222  -0.002068   0.000132   0.000022  -0.000116   0.999979   0.000042  -0.000064  -0.000176   0.000462   0.002547   0.003350   0.001297  -0.001610   0.000192  -0.000664  -0.008093  -0.001054  -0.004978  -0.000415  -0.007658   0.253846   0.002776   0.001538   0.001379   0.005008  -0.002815  -0.000123   0.000610  -0.003108   0.000157  -0.007891  -0.002735  -0.092610   0.059256   0.163992   0.040188  -0.000121  -0.000382   0.000054   0.000125   0.000122   0.000229  -0.000058   0.000459  -0.000093   0.000629   0.000269   0.000678   0.000057   0.000794   0.001668  -0.025703  -0.000111  -0.000031  -0.000066   0.000019  -0.000082  -0.000071  -0.000144  -0.000054  -0.000004   0.000049  -0.000235   0.006340   0.000851   0.000334  -0.000288   0.000594  -0.000045   0.000184  -0.000910   0.000317   0.000613  -0.000485   0.002345  -0.014300  -0.003571   0.016049  -0.041255  -0.000057  -0.000179   0.000025   0.000058   0.000057   0.000107  -0.000027   0.000215  -0.000044   0.000295   0.000126   0.000317   0.000027   0.000372   0.000780  -0.012026
   0.000010   0.000013   0.000000  -0.000010  -0.000001   0.000003   0.000005  -0.000008  -0.000029  -0.000144   0.000095   0.000889  -0.000375  -0.000134   0.000350   0.000042   0.999890   0.000144   0.000504  -0.000995  -0.005881  -0.006795  -0.002570   0.002113   0.000159  -0.004146   0.022889   0.002982   0.014078   0.001174   0.021658  -0.717937  -0.004631  -0.003087  -0.004990  -0.011917   0.007793   0.001045  -0.005168   0.009987   0.001875   0.020483   0.016606   0.207832  -0.181099  -0.403100  -0.269713  -0.000137  -0.000431   0.000061   0.000141   0.000138   0.000258  -0.000065   0.000518  -0.000105   0.000711   0.000304   0.000765   0.000065   0.000897   0.001883  -0.029021  -0.000207  -0.000058  -0.000122   0.000035  -0.000154  -0.000133  -0.000268  -0.000101  -0.000007   0.000091  -0.000438   0.011829  -0.000330  -0.000129   0.000112  -0.000230   0.000017  -0.000071   0.000353  -0.000123  -0.000238   0.000188  -0.000910   0.005550   0.001386  -0.006229   0.016013   0.000022   0.000069  -0.000010  -0.000023  -0.000022  -0.000042   0.000011  -0.000083   0.000017  -0.000114  -0.000049  -0.000123  -0.000010  -0.000144  -0.000303   0.004668
  -0.000133  -0.000181  -0.000004   0.000139   0.000012  -0.000042  -0.000076   0.000104   0.000399   0.001979  -0.001313  -0.012256   0.000463   0.000090  -0.000366  -0.000064   0.000144   0.999810  -0.000482   0.001598   0.008042   0.010939   0.003678  -0.006384   0.000117   0.000137  -0.002090  -0.000272  -0.001286  -0.000107  -0.001978   0.065566   0.015925   0.006359  -0.004790   0.011905  -0.001523   0.003257  -0.016104   0.004856   0.010999  -0.010704   0.041202  -0.279474  -0.048518   0.329174  -0.726885  -0.002302  -0.007242   0.001024   0.002368   0.002317   0.004332  -0.001098   0.008704  -0.001765   0.011932   0.005104   0.012848   0.001085   0.015055   0.031611  -0.487203   0.000119   0.000033   0.000070  -0.000020   0.000088   0.000076   0.000154   0.000058   0.000004  -0.000052   0.000251  -0.006787  -0.000109  -0.000043   0.000037  -0.000076   0.000006  -0.000024   0.000116  -0.000040  -0.000078   0.000062  -0.000300   0.001829   0.000457  -0.002053   0.005277   0.000007   0.000023  -0.000003  -0.000007  -0.000007  -0.000014   0.000003  -0.000027   0.000006  -0.000038  -0.000016  -0.000041  -0.000003  -0.000048  -0.000100   0.001538
  -0.000831  -0.001129  -0.000027   0.000871   0.000073  -0.000260  -0.000473   0.000648   0.002491   0.012361  -0.008201  -0.076545   0.001670   0.000378  -0.001055  -0.000176   0.000504  -0.000482   0.999086   0.005747   0.024094   0.035526   0.008372  -0.028434  -0.002713   0.013297  -0.002336  -0.000304  -0.001437  -0.000120  -0.002210   0.073258   0.000344   0.000265   0.000553   0.001126  -0.000788  -0.000134   0.000665  -0.001067  -0.000284  -0.002017  -0.002048  -0.019049   0.019018   0.038709   0.033748   0.000033   0.000104  -0.000015  -0.000034  -0.000033  -0.000062   0.000016  -0.000125   0.000025  -0.000172  -0.000074  -0.000185  -0.000016  -0.000217  -0.000455   0.007020  -0.005393  -0.001507  -0.003188   0.000923  -0.004001  -0.003459  -0.006996  -0.002623  -0.000177   0.002366  -0.011419   0.308276   0.000324   0.000127  -0.000110   0.000226  -0.000017   0.000070  -0.000347   0.000121   0.000234  -0.000185   0.000894  -0.005450  -0.001361   0.006117  -0.015723  -0.000022  -0.000068   0.000010   0.000022   0.000022   0.000041  -0.000010   0.000082  -0.000017   0.000112   0.000048   0.000121   0.000010   0.000142   0.000297  -0.004583
  -0.000457  -0.000620  -0.000015   0.000479   0.000040  -0.000143  -0.000260   0.000356   0.001368   0.006790  -0.004505  -0.042050  -0.003296  -0.001072   0.003493   0.000462  -0.000995   0.001598   0.005747   0.991118  -0.060001  -0.066913  -0.030757   0.010769  -0.003820  -0.014159   0.000505   0.000066   0.000311   0.000026   0.000478  -0.015835  -0.000021  -0.000036  -0.000138  -0.000206   0.000168   0.000041  -0.000201   0.000251   0.000100   0.000405   0.000591   0.003216  -0.004336  -0.007356  -0.009894  -0.000015  -0.000048   0.000007   0.000016   0.000015   0.000029  -0.000007   0.000057  -0.000012   0.000079   0.000034   0.000085   0.000007   0.000099   0.000208  -0.003212  -0.016337  -0.004564  -0.009657   0.002796  -0.012119  -0.010478  -0.021190  -0.007945  -0.000536   0.007167  -0.034589   0.933765   0.000287   0.000112  -0.000097   0.000200  -0.000015   0.000062  -0.000307   0.000107   0.000207  -0.000163   0.000790  -0.004817  -0.001203   0.005406  -0.013897  -0.000019  -0.000060   0.000009   0.000020   0.000019   0.000036  -0.000009   0.000072  -0.000015   0.000099   0.000042   0.000107   0.000009   0.000125   0.000263  -0.004051
   0.002748   0.003731   0.000089  -0.002880  -0.000242   0.000860   0.001564  -0.002143  -0.008234  -0.040859   0.027109   0.253014  -0.019312  -0.005041   0.016926   0.002547  -0.005881   0.008042   0.024094  -0.060001   0.670062  -0.416997  -0.152753   0.188505  -0.004597  -0.074214  -0.001308  -0.000170  -0.000805  -0.000067  -0.001238   0.041027   0.000270   0.000179   0.000283   0.000685  -0.000446  -0.000058   0.000289  -0.000569  -0.000103  -0.001174  -0.000933  -0.011974   0.010325   0.023144   0.015132   0.000007   0.000022  -0.000003  -0.000007  -0.000007  -0.000013   0.000003  -0.000026   0.000005  -0.000036  -0.000015  -0.000039  -0.000003  -0.000046  -0.000096   0.001476  -0.001261  -0.000352  -0.000745   0.000216  -0.000936  -0.000809  -0.001636  -0.000613  -0.000041   0.000553  -0.002670   0.072082  -0.000488  -0.000191   0.000165  -0.000341   0.000026  -0.000106   0.000522  -0.000182  -0.000352   0.000278  -0.001346   0.008207   0.002050  -0.009211   0.023677   0.000033   0.000103  -0.000015  -0.000034  -0.000033  -0.000061   0.000016  -0.000123   0.000025  -0.000169  -0.000072  -0.000182  -0.000015  -0.000213  -0.000448   0.006902
  -0.000570  -0.000774  -0.000018   0.000597   0.000050  -0.000178  -0.000324   0.000445   0.001708   0.008476  -0.005624  -0.052485  -0.022010  -0.005603   0.021970   0.003350  -0.006795   0.010939   0.035526  -0.066913  -0.416997   0.500407  -0.216073   0.149486  -0.032170   0.009164  -0.000184  -0.000024  -0.000113  -0.000009  -0.000174   0.005767   0.000167   0.000076  -0.000004   0.000186  -0.000069   0.000020  -0.000097  -0.000032   0.000078  -0.000238   0.000224  -0.003848   0.000911   0.005683  -0.004120  -0.000018  -0.000057   0.000008   0.000019   0.000018   0.000034  -0.000009   0.000069  -0.000014   0.000095   0.000040   0.000102   0.000009   0.000119   0.000251  -0.003864   0.001961   0.000548   0.001159  -0.000336   0.001455   0.001258   0.002544   0.000954   0.000064  -0.000860   0.004153  -0.112107   0.000167   0.000066  -0.000057   0.000117  -0.000009   0.000036  -0.000179   0.000062   0.000121  -0.000095   0.000462  -0.002814  -0.000703   0.003159  -0.008119  -0.000011  -0.000035   0.000005   0.000012   0.000011   0.000021  -0.000005   0.000042  -0.000009   0.000058   0.000025   0.000062   0.000005   0.000073   0.000154  -0.002367
   0.002811   0.003816   0.000091  -0.002946  -0.000248   0.000880   0.001600  -0.002192  -0.008423  -0.041795   0.027730   0.258811  -0.008036  -0.000881   0.006175   0.001297  -0.002570   0.003678   0.008372  -0.030757  -0.152753  -0.216073   0.925274   0.134065  -0.008923   0.055941   0.000484   0.000063   0.000297   0.000025   0.000458  -0.015170   0.000037  -0.000012  -0.000151  -0.000158   0.000158   0.000051  -0.000253   0.000261   0.000137   0.000356   0.000722   0.002127  -0.004392  -0.005976  -0.012231  -0.000023  -0.000072   0.000010   0.000024   0.000023   0.000043  -0.000011   0.000087  -0.000018   0.000119   0.000051   0.000128   0.000011   0.000151   0.000316  -0.004871   0.001300   0.000363   0.000768  -0.000222   0.000964   0.000834   0.001686   0.000632   0.000043  -0.000570   0.002752  -0.074297  -0.000132  -0.000052   0.000045  -0.000092   0.000007  -0.000029   0.000141  -0.000049  -0.000095   0.000075  -0.000364   0.002217   0.000554  -0.002488   0.006396   0.000009   0.000028  -0.000004  -0.000009  -0.000009  -0.000017   0.000004  -0.000033   0.000007  -0.000046  -0.000020  -0.000049  -0.000004  -0.000058  -0.000121   0.001864
   0.009312   0.012642   0.000301  -0.009758  -0.000820   0.002915   0.005299  -0.007261  -0.027901  -0.138449   0.091859   0.857337   0.006737   0.002882  -0.012936  -0.001610   0.002113  -0.006384  -0.028434   0.010769   0.188505   0.149486   0.134065   1.146629   0.053600  -0.081025  -0.000279  -0.000036  -0.000172  -0.000014  -0.000264   0.008756   0.000130   0.000066   0.000036   0.000197  -0.000099   0.000003  -0.000015  -0.000094   0.000030  -0.000292  -0.000000  -0.003769   0.001901   0.006301  -0.000270  -0.000009  -0.000029   0.000004   0.000010   0.000009   0.000017  -0.000004   0.000035  -0.000007   0.000048   0.000021   0.000052   0.000004   0.000061   0.000128  -0.001966  -0.001166  -0.000326  -0.000689   0.000200  -0.000865  -0.000748  -0.001513  -0.000567  -0.000038   0.000512  -0.002469   0.066662   0.000054   0.000021  -0.000018   0.000037  -0.000003   0.000012  -0.000057   0.000020   0.000039  -0.000031   0.000148  -0.000900  -0.000225   0.001010  -0.002597  -0.000004  -0.000011   0.000002   0.000004   0.000004   0.000007  -0.000002   0.000014  -0.000003   0.000019   0.000008   0.000020   0.000002   0.000023   0.000049  -0.000757
   0.001625   0.002207   0.000052  -0.001703  -0.000143   0.000509   0.000925  -0.001267  -0.004870  -0.024164   0.016033   0.149637   0.001044   0.001792  -0.001778   0.000192   0.000159   0.000117  -0.002713  -0.003820  -0.004597  -0.032170  -0.008923   0.053600   0.989417   0.119118   0.000267   0.000035   0.000164   0.000014   0.000252  -0.008364  -0.000007  -0.000017  -0.000074  -0.000106   0.000088   0.000022  -0.000111   0.000134   0.000056   0.000212   0.000323   0.001629  -0.002308  -0.003807  -0.005427  -0.000009  -0.000027   0.000004   0.000009   0.000009   0.000016  -0.000004   0.000033  -0.000007   0.000045   0.000019   0.000048   0.000004   0.000056   0.000119  -0.001827   0.000161   0.000045   0.000095  -0.000028   0.000120   0.000104   0.000209   0.000078   0.000005  -0.000071   0.000342  -0.009225   0.000254   0.000099  -0.000086   0.000177  -0.000013   0.000055  -0.000271   0.000094   0.000183  -0.000145   0.000699  -0.004263  -0.001065   0.004784  -0.012298  -0.000017  -0.000053   0.000008   0.000017   0.000017   0.000032  -0.000008   0.000064  -0.000013   0.000088   0.000038   0.000095   0.000008   0.000111   0.000233  -0.003585
  -0.000512  -0.000695  -0.000017   0.000537   0.000045  -0.000160  -0.000291   0.000399   0.001534   0.007612  -0.005051  -0.047139  -0.017449  -0.014148   0.014891  -0.000664  -0.004146   0.000137   0.013297  -0.014159  -0.074214   0.009164   0.055941  -0.081025   0.119118   0.030774  -0.000076  -0.000010  -0.000047  -0.000004  -0.000072   0.002399  -0.000035  -0.000009   0.000034   0.000005  -0.000023  -0.000014   0.000071  -0.000052  -0.000042  -0.000040  -0.000194   0.000149   0.000816   0.000400   0.003336   0.000008   0.000025  -0.000004  -0.000008  -0.000008  -0.000015   0.000004  -0.000030   0.000006  -0.000041  -0.000018  -0.000044  -0.000004  -0.000052  -0.000109   0.001684   0.000474   0.000133   0.000280  -0.000081   0.000352   0.000304   0.000615   0.000231   0.000016  -0.000208   0.001005  -0.027118  -0.000233  -0.000091   0.000079  -0.000162   0.000012  -0.000050   0.000249  -0.000087  -0.000168   0.000133  -0.000641   0.003911   0.000977  -0.004389   0.011282   0.000016   0.000049  -0.000007  -0.000016  -0.000016  -0.000029   0.000007  -0.000059   0.000012  -0.000081  -0.000034  -0.000087  -0.000007  -0.000102  -0.000213   0.003289
  -0.000605  -0.000191  -0.000028   0.000674  -0.003535  -0.001467   0.017161  -0.008224   0.000409  -0.001521  -0.000157  -0.000373   0.001674   0.001024  -0.005323  -0.008093   0.022889  -0.002090  -0.002336   0.000505  -0.001308  -0.000184   0.000484  -0.000279   0.000267  -0.000076   1.000000  -0.000008   0.000189  -0.000275   0.000006   0.000003  -0.000006  -0.000002  -0.000015  -0.000095   0.000029   0.000031  -0.000028  -0.000256  -0.000492  -0.000090  -0.000038  -0.000009  -0.000007  -0.000004  -0.000009   0.000012   0.000024   0.000014  -0.000022   0.000048   0.000024   0.000064   0.000006   0.000026  -0.000254   0.000064   0.000693   0.000001   0.000032  -0.000005   0.000013  -0.000102   0.000012  -0.000182  -0.000023  -0.000083  -0.000117  -0.000096  -0.000839  -0.000069   0.000006   0.000027  -0.000014  -0.002319  -0.000101   0.000750  -0.001087   0.008744   0.020973   0.005418  -0.000527   0.001007   0.000812  -0.000077  -0.000245  -0.000198   0.000004   0.000006   0.001255   0.000696   0.001318   0.000335   0.003722   0.016236   0.006969   0.024628  -0.004519   0.003128  -0.001256  -0.000361  -0.000304   0.000879  -0.000068   0.000667
  -0.000079  -0.000025  -0.000004   0.000088  -0.000461  -0.000191   0.002236  -0.001071   0.000053  -0.000198  -0.000020  -0.000049   0.000218   0.000133  -0.000693  -0.001054   0.002982  -0.000272  -0.000304   0.000066  -0.000170  -0.000024   0.000063  -0.000036   0.000035  -0.000010  -0.000008   0.999868   0.003256  -0.004736   0.000099   0.000058  -0.000105  -0.000027  -0.000264  -0.001640   0.000495   0.000527  -0.000487  -0.004401  -0.008452  -0.001547  -0.000659  -0.000163  -0.000121  -0.000062  -0.000150   0.000214   0.000416   0.000248  -0.000376   0.000825   0.000404   0.001093   0.000110   0.000454  -0.004360   0.001094   0.011919   0.000009   0.000551  -0.000079   0.000228  -0.001762   0.000208  -0.003126  -0.000397  -0.001420  -0.002016  -0.001653  -0.014417  -0.001181   0.000105   0.000459  -0.000247  -0.058785  -0.002561   0.019019  -0.027554   0.221637   0.531584   0.137322  -0.013349   0.025531   0.020573  -0.001942  -0.006200  -0.005026   0.000095   0.000161   0.031798   0.017633   0.033408   0.008486   0.094348   0.411514   0.176648   0.624235  -0.114529   0.079288  -0.031835  -0.009153  -0.007698   0.022267  -0.001714   0.016902
  -0.000372  -0.000118  -0.000017   0.000414  -0.002174  -0.000902   0.010555  -0.005058   0.000251  -0.000936  -0.000097  -0.000229   0.001030   0.000630  -0.003274  -0.004978   0.014078  -0.001286  -0.001437   0.000311  -0.000805  -0.000113   0.000297  -0.000172   0.000164  -0.000047   0.000189   0.003256   0.919814   0.116610  -0.002448  -0.001436   0.002584   0.000665   0.006511   0.040396  -0.012193  -0.012978   0.011989   0.108382   0.208126   0.038095   0.016224   0.004021   0.002973   0.001535   0.003703  -0.005279  -0.010235  -0.006097   0.009261  -0.020316  -0.009952  -0.026912  -0.002720  -0.011167   0.107367  -0.026931  -0.293490  -0.000233  -0.013558   0.001940  -0.005609   0.043386  -0.005121   0.076980   0.009788   0.034958   0.049643   0.040704   0.355013   0.029086  -0.002592  -0.011313   0.006074  -0.001030  -0.000045   0.000333  -0.000483   0.003884   0.009315   0.002406  -0.000234   0.000447   0.000361  -0.000034  -0.000109  -0.000088   0.000002   0.000003   0.000557   0.000309   0.000585   0.000149   0.001653   0.007211   0.003095   0.010939  -0.002007   0.001389  -0.000558  -0.000160  -0.000135   0.000390  -0.000030   0.000296
  -0.000031  -0.000010  -0.000001   0.000035  -0.000181  -0.000075   0.000880  -0.000422   0.000021  -0.000078  -0.000008  -0.000019   0.000086   0.000053  -0.000273  -0.000415   0.001174  -0.000107  -0.000120   0.000026  -0.000067  -0.000009   0.000025  -0.000014   0.000014  -0.000004  -0.000275  -0.004736   0.116610   0.830419   0.003561   0.002088  -0.003757  -0.000967  -0.009469  -0.058746   0.017731   0.018873  -0.017436  -0.157615  -0.302668  -0.055400  -0.023594  -0.005847  -0.004324  -0.002232  -0.005385   0.007677   0.014884   0.008867  -0.013468   0.029544   0.014473   0.039137   0.003955   0.016240  -0.156139   0.039165   0.426809   0.000339   0.019717  -0.002821   0.008157  -0.063095   0.007447  -0.111949  -0.014234  -0.050838  -0.072193  -0.059194  -0.516278  -0.042298   0.003770   0.016452  -0.008833   0.000974   0.000042  -0.000315   0.000457  -0.003674  -0.008811  -0.002276   0.000221  -0.000423  -0.000341   0.000032   0.000103   0.000083  -0.000002  -0.000003  -0.000527  -0.000292  -0.000554  -0.000141  -0.001564  -0.006821  -0.002928  -0.010347   0.001898  -0.001314   0.000528   0.000152   0.000128  -0.000369   0.000028  -0.000280
  -0.000573  -0.000181  -0.000027   0.000637  -0.003345  -0.001388   0.016238  -0.007781   0.000387  -0.001439  -0.000149  -0.000352   0.001584   0.000969  -0.005036  -0.007658   0.021658  -0.001978  -0.002210   0.000478  -0.001238  -0.000174   0.000458  -0.000264   0.000252  -0.000072   0.000006   0.000099  -0.002448   0.003561   0.999925  -0.000044   0.000079   0.000020   0.000199   0.001233  -0.000372  -0.000396   0.000366   0.003309   0.006355   0.001163   0.000495   0.000123   0.000091   0.000047   0.000113  -0.000161  -0.000313  -0.000186   0.000283  -0.000620  -0.000304  -0.000822  -0.000083  -0.000341   0.003278  -0.000822  -0.008962  -0.000007  -0.000414   0.000059  -0.000171   0.001325  -0.000156   0.002351   0.000299   0.001067   0.001516   0.001243   0.010840   0.000888  -0.000079  -0.000345   0.000185   0.001942   0.000085  -0.000628   0.000910  -0.007322  -0.017562  -0.004537   0.000441  -0.000843  -0.000680   0.000064   0.000205   0.000166  -0.000003  -0.000005  -0.001050  -0.000583  -0.001104  -0.000280  -0.003117  -0.013595  -0.005836  -0.020623   0.003784  -0.002619   0.001052   0.000302   0.000254  -0.000736   0.000057  -0.000558
   0.018988   0.005993   0.000890  -0.021128   0.110886   0.046017  -0.538271   0.257942  -0.012821   0.047707   0.004925   0.011685  -0.052505  -0.032115   0.166950   0.253846  -0.717937   0.065566   0.073258  -0.015835   0.041027   0.005767  -0.015170   0.008756  -0.008364   0.002399   0.000003   0.000058  -0.001436   0.002088  -0.000044   0.999974   0.000046   0.000012   0.000117   0.000723  -0.000218  -0.000232   0.000215   0.001941   0.003727   0.000682   0.000291   0.000072   0.000053   0.000027   0.000066  -0.000095  -0.000183  -0.000109   0.000166  -0.000364  -0.000178  -0.000482  -0.000049  -0.000200   0.001923  -0.000482  -0.005256  -0.000004  -0.000243   0.000035  -0.000100   0.000777  -0.000092   0.001379   0.000175   0.000626   0.000889   0.000729   0.006358   0.000521  -0.000046  -0.000203   0.000109  -0.000278  -0.000012   0.000090  -0.000130   0.001049   0.002515   0.000650  -0.000063   0.000121   0.000097  -0.000009  -0.000029  -0.000024   0.000000   0.000001   0.000150   0.000083   0.000158   0.000040   0.000446   0.001947   0.000836   0.002953  -0.000542   0.000375  -0.000151  -0.000043  -0.000036   0.000105  -0.000008   0.000080
  -0.000491   0.000045   0.000211   0.000093  -0.002193   0.000432   0.010784   0.004812  -0.000001  -0.000446  -0.000082  -0.000087   0.000361  -0.000033  -0.001641   0.002776  -0.004631   0.015925   0.000344  -0.000021   0.000270   0.000167   0.000037   0.000130  -0.000007  -0.000035  -0.000006  -0.000105   0.002584  -0.003757   0.000079   0.000046   0.994387  -0.006011  -0.000883  -0.021081  -0.017766  -0.028729  -0.044864  -0.004059   0.005024  -0.003397   0.014500  -0.002254   0.001697  -0.000433   0.001713  -0.011307  -0.014410   0.005912  -0.014845   0.034402   0.007812   0.036560  -0.119538   0.013785  -0.016679  -0.001509  -0.007683   0.001143  -0.028360   0.001282  -0.003244  -0.014034  -0.010762  -0.063168   0.104683   0.037265   0.015637   0.029304   0.010474   0.000843  -0.034375   0.000135   0.000418  -0.033272  -0.001300   0.012754  -0.004983   0.124781   0.303684   0.082605   0.021638   0.071119   0.022206   0.003272  -0.002494  -0.002099   0.000470   0.001096  -0.012944  -0.009833  -0.013799   0.000423  -0.040095  -0.146303  -0.071029  -0.217433   0.035654   0.011519   0.001253  -0.103465   0.002585  -0.012647   0.001299  -0.007899
  -0.000249  -0.000000   0.000080   0.000099  -0.001187   0.000034   0.005816   0.001125   0.000037  -0.000316  -0.000047  -0.000069   0.000049  -0.000070  -0.000348   0.001538  -0.003087   0.006359   0.000265  -0.000036   0.000179   0.000076  -0.000012   0.000066  -0.000017  -0.000009  -0.000002  -0.000027   0.000665  -0.000967   0.000020   0.000012  -0.006011   0.996227   0.000358  -0.013785  -0.001072   0.006100  -0.021341  -0.002172   0.006104  -0.001253   0.008020  -0.001573   0.000821  -0.000238   0.001034  -0.005004  -0.007752   0.005599  -0.008557   0.026671   0.029480   0.033005  -0.035857   0.001558  -0.005261  -0.002918  -0.006043  -0.000131  -0.014094   0.000667  -0.000934  -0.008847  -0.006526  -0.039256   0.064146   0.022738   0.009282   0.017790   0.003965   0.000268  -0.018499   0.000160   0.000200  -0.064375  -0.002797   0.020939  -0.029581   0.242678   0.582295   0.150655  -0.012985   0.031130   0.023121  -0.001882  -0.006732  -0.005462   0.000127   0.000233  -0.021013  -0.011801  -0.022088  -0.005391  -0.062443  -0.270757  -0.116686  -0.410465   0.075071  -0.049946   0.020383   0.000051   0.005057  -0.014915   0.001166  -0.011227
